function,dimension,run,checkpoint,error
F122013,10,0,0.01,"[48.4783196549493, 0.5528217889368534]"
F122013,10,0,0.1,"[8.954626476020564, 8.281480382662266]"
F122013,10,0,0.2,"[8.954626476020564, 17.079913392663002]"
F122013,10,0,0.3,"[8.954626476020564, 23.172127797733992]"
F122013,10,0,0.4,"[8.954626476020564, 29.22430447395891]"
F122013,10,0,0.5,"[8.954626476020564, 36.29076256696135]"
F122013,10,0,0.6,"[8.954626476020564, 43.856298754923046]"
F122013,10,0,0.7,"[8.954626476020564, 52.71194487111643]"
F122013,10,0,0.8,"[8.954626476020564, 60.56639655679464]"
F122013,10,0,0.9,"[8.954626476020564, 66.8955218908377]"
F122013,10,0,1.0,"[8.954626476020564, 70.30492078792304]"
F122013,10,1,0.01,"[46.943593044338655, 0.9205816900357604]"
F122013,10,1,0.1,"[15.919329800035428, 7.9291551522910595]"
F122013,10,1,0.2,"[15.919329800035428, 15.332604822237045]"
F122013,10,1,0.3,"[15.919329800035428, 21.618860240094364]"
F122013,10,1,0.4,"[15.919329800035428, 28.46297559607774]"
F122013,10,1,0.5,"[15.919329800035428, 35.188045860268176]"
F122013,10,1,0.6,"[15.919329800035428, 43.12728875130415]"
F122013,10,1,0.7,"[15.919329800035428, 50.4935255208984]"
F122013,10,1,0.8,"[15.919329800035428, 56.916587967891246]"
F122013,10,1,0.9,"[15.919329800035428, 59.52492057392374]"
F122013,10,1,1.0,"[15.919329800035428, 64.12748105823994]"
F122013,10,2,0.01,"[36.44040702793109, 1.0063409060239792]"
F122013,10,2,0.1,"[8.954626476020564, 5.87348630419001]"
F122013,10,2,0.2,"[8.954626476020564, 9.633193609304726]"
F122013,10,2,0.3,"[8.954626476020564, 15.276075594127178]"
F122013,10,2,0.4,"[8.954626476020564, 21.761059417389333]"
F122013,10,2,0.5,"[8.954626476020564, 26.40840588323772]"
F122013,10,2,0.6,"[8.954626476020564, 32.41914659598842]"
F122013,10,2,0.7,"[8.954626476020564, 38.35131706716493]"
F122013,10,2,0.8,"[8.954626476020564, 44.2618107162416]"
F122013,10,2,0.9,"[8.954626476020564, 51.20479749236256]"
F122013,10,2,1.0,"[8.954626476020564, 57.40044684614986]"
F122013,10,3,0.01,"[29.715291583594535, 0.9648077008314431]"
F122013,10,3,0.1,"[16.91426866041428, 7.556536942720413]"
F122013,10,3,0.2,"[16.91426866041428, 12.039423844777048]"
F122013,10,3,0.3,"[16.91426866041428, 16.646796779707074]"
F122013,10,3,0.4,"[16.91426866041428, 20.131093475967646]"
F122013,10,3,0.5,"[16.91426866041428, 26.250986699014902]"
F122013,10,3,0.6,"[16.91426866041428, 33.42449893383309]"
F122013,10,3,0.7,"[16.91426866041428, 42.051171001046896]"
F122013,10,3,0.8,"[16.91426866041428, 49.457780187018216]"
F122013,10,3,0.9,"[16.91426866041428, 57.016820976976305]"
F122013,10,3,1.0,"[16.91426866041428, 63.46639844495803]"
F122013,10,4,0.01,"[20.607568808308258, 0.7650148463435471]"
F122013,10,4,0.1,"[4.9747952854664845, 6.42112958105281]"
F122013,10,4,0.2,"[4.9747952854664845, 12.858803718350828]"
F122013,10,4,0.3,"[4.9747952854664845, 19.444198382087052]"
F122013,10,4,0.4,"[4.9747952854664845, 23.852420147974044]"
F122013,10,4,0.5,"[4.9747952854664845, 29.438777713105083]"
F122013,10,4,0.6,"[4.9747952854664845, 36.40882090013474]"
F122013,10,4,0.7,"[4.9747952854664845, 43.495634659193456]"
F122013,10,4,0.8,"[4.9747952854664845, 50.26191263226792]"
F122013,10,4,0.9,"[4.9747952854664845, 56.43747835420072]"
F122013,10,4,1.0,"[4.9747952854664845, 60.7261345339939]"
F122013,10,5,0.01,"[17.23385695460138, 0.6973569812253118]"
F122013,10,5,0.1,"[5.969754342559725, 5.100470274221152]"
F122013,10,5,0.2,"[5.969754342559725, 11.062386551871896]"
F122013,10,5,0.3,"[5.969754342559725, 17.684237798210233]"
F122013,10,5,0.4,"[5.969754342559725, 22.440243061166257]"
F122013,10,5,0.5,"[5.969754342559725, 26.689786988776177]"
F122013,10,5,0.6,"[5.969754342559725, 32.94155887886882]"
F122013,10,5,0.7,"[5.969754342559725, 39.59615904884413]"
F122013,10,5,0.8,"[5.969754342559725, 44.84903641184792]"
F122013,10,5,0.9,"[5.969754342559725, 51.11546684009954]"
F122013,10,5,1.0,"[5.969754342559725, 57.98033723887056]"
F122013,10,6,0.01,"[51.70815488526975, 0.8560063457116485]"
F122013,10,6,0.1,"[15.919314641140033, 6.000410697888583]"
F122013,10,6,0.2,"[15.919314641140033, 12.550910159014165]"
F122013,10,6,0.3,"[15.919314641140033, 19.209523044060916]"
F122013,10,6,0.4,"[15.919314641140033, 22.319554042071104]"
F122013,10,6,0.5,"[15.919314641140033, 24.910117028746754]"
F122013,10,6,0.6,"[15.919314641140033, 27.83260424481705]"
F122013,10,6,0.7,"[15.919314641140033, 33.34266354795545]"
F122013,10,6,0.8,"[15.919314641140033, 38.44626933289692]"
F122013,10,6,0.9,"[15.919314641140033, 44.96450329106301]"
F122013,10,6,1.0,"[15.919314641140033, 48.579287653788924]"
F122013,10,7,0.01,"[45.63613865053833, 0.7175814076326787]"
F122013,10,7,0.1,"[23.878956825533805, 6.0531778070144355]"
F122013,10,7,0.2,"[23.878956825533805, 12.338792368769646]"
F122013,10,7,0.3,"[23.878956825533805, 18.03148966981098]"
F122013,10,7,0.4,"[23.878956825533805, 24.886843911837786]"
F122013,10,7,0.5,"[23.878956825533805, 31.22760779596865]"
F122013,10,7,0.6,"[23.878956825533805, 38.07240713387728]"
F122013,10,7,0.7,"[23.878956825533805, 45.57690264470875]"
F122013,10,7,0.8,"[23.878956825533805, 53.2241041418165]"
F122013,10,7,0.9,"[23.878956825533805, 60.60353336390108]"
F122013,10,7,1.0,"[23.878956825533805, 66.04541109269485]"
F122013,10,8,0.01,"[28.930150126037802, 0.566732375882566]"
F122013,10,8,0.1,"[7.959667418927268, 6.99122789921239]"
F122013,10,8,0.2,"[7.959667418927268, 14.231862393207848]"
F122013,10,8,0.3,"[7.959667418927268, 22.2539835087955]"
F122013,10,8,0.4,"[7.959667418927268, 29.20959891192615]"
F122013,10,8,0.5,"[7.959667418927268, 37.558847488835454]"
F122013,10,8,0.6,"[7.959667418927268, 45.670862107072026]"
F122013,10,8,0.7,"[7.959667418927268, 53.206111690960824]"
F122013,10,8,0.8,"[7.959667418927268, 59.67821070412174]"
F122013,10,8,0.9,"[7.959667418927268, 66.75436025019735]"
F122013,10,8,1.0,"[7.959667418927268, 70.04546967288479]"
F122013,10,9,0.01,"[47.476791639913216, 0.37697804858908057]"
F122013,10,9,0.1,"[14.92437074294213, 4.119421363808215]"
F122013,10,9,0.2,"[14.92437074294213, 10.589377642609179]"
F122013,10,9,0.3,"[14.92437074294213, 13.46637807879597]"
F122013,10,9,0.4,"[14.92437074294213, 15.744604209903628]"
F122013,10,9,0.5,"[14.92437074294213, 18.63154261186719]"
F122013,10,9,0.6,"[14.92437074294213, 20.994267219677567]"
F122013,10,9,0.7,"[14.92437074294213, 27.10392911080271]"
F122013,10,9,0.8,"[14.92437074294213, 33.69942878279835]"
F122013,10,9,0.9,"[14.92437074294213, 39.55518920486793]"
F122013,10,9,1.0,"[14.92437074294213, 45.34118377696723]"
F122013,10,10,0.01,"[42.390859250913536, 1.1476291571743786]"
F122013,10,10,0.1,"[18.90420193349621, 7.865941538941115]"
F122013,10,10,0.2,"[18.90420193349621, 16.247724779881537]"
F122013,10,10,0.3,"[18.90420193349621, 23.855413854122162]"
F122013,10,10,0.4,"[18.90420193349621, 30.258821872994304]"
F122013,10,10,0.5,"[18.90420193349621, 38.98112207092345]"
F122013,10,10,0.6,"[18.90420193349621, 46.06639990396798]"
F122013,10,10,0.7,"[18.90420193349621, 54.305489988066256]"
F122013,10,10,0.8,"[18.90420193349621, 61.375613410025835]"
F122013,10,10,0.9,"[18.90420193349621, 67.93554790504277]"
F122013,10,10,1.0,"[18.90420193349621, 70.60351280216128]"
F122013,10,11,0.01,"[52.0609237858456, 1.2405389780178666]"
F122013,10,11,0.1,"[13.929416723667941, 8.594124075956643]"
F122013,10,11,0.2,"[13.929416723667941, 15.234957132022828]"
F122013,10,11,0.3,"[13.929416723667941, 20.96169434580952]"
F122013,10,11,0.4,"[13.929416723667941, 27.72902393480763]"
F122013,10,11,0.5,"[13.929416723667941, 30.960995208006352]"
F122013,10,11,0.6,"[13.929416723667941, 36.607982157729566]"
F122013,10,11,0.7,"[13.929416723667941, 42.89864183682948]"
F122013,10,11,0.8,"[13.929416723667941, 49.366558440960944]"
F122013,10,11,0.9,"[13.929416723667941, 55.51141397701576]"
F122013,10,11,1.0,"[13.929416723667941, 59.9945747340098]"
F122013,10,12,0.01,"[53.49071978006242, 0.6490091611631215]"
F122013,10,12,0.1,"[15.919309603320983, 5.641101044137031]"
F122013,10,12,0.2,"[15.919309603320983, 14.067274170927703]"
F122013,10,12,0.3,"[15.919309603320983, 21.17137864790857]"
F122013,10,12,0.4,"[15.919309603320983, 28.107007634826005]"
F122013,10,12,0.5,"[15.919309603320983, 36.95727662788704]"
F122013,10,12,0.6,"[15.919309603320983, 44.56727312784642]"
F122013,10,12,0.7,"[15.919309603320983, 53.6180709390901]"
F122013,10,12,0.8,"[15.919309603320983, 61.28283052891493]"
F122013,10,12,0.9,"[15.919309603320983, 66.52273351605982]"
F122013,10,12,1.0,"[15.919309603320983, 69.68762353807688]"
F122013,10,13,0.01,"[23.504373896037066, 0.8679761649109423]"
F122013,10,13,0.1,"[9.949580495294754, 4.284702301025391]"
F122013,10,13,0.2,"[9.949580495294754, 7.988708680961281]"
F122013,10,13,0.3,"[9.949580495294754, 13.639797224663198]"
F122013,10,13,0.4,"[9.949580495294754, 20.997478912584484]"
F122013,10,13,0.5,"[9.949580495294754, 27.831744053866714]"
F122013,10,13,0.6,"[9.949580495294754, 35.19785897899419]"
F122013,10,13,0.7,"[9.949580495294754, 44.102586037945]"
F122013,10,13,0.8,"[9.949580495294754, 51.27408949099481]"
F122013,10,13,0.9,"[9.949580495294754, 53.98791226465255]"
F122013,10,13,1.0,"[9.949580495294754, 56.372173433657736]"
F122013,10,14,0.01,"[25.213652035468556, 0.577883331105113]"
F122013,10,14,0.1,"[16.914288857128724, 6.0068968129344285]"
F122013,10,14,0.2,"[16.914288857128724, 11.700114799197763]"
F122013,10,14,0.3,"[16.914288857128724, 18.454332215245813]"
F122013,10,14,0.4,"[16.914288857128724, 25.124267779290676]"
F122013,10,14,0.5,"[16.914288857128724, 30.207752967253327]"
F122013,10,14,0.6,"[16.914288857128724, 34.03237033309415]"
F122013,10,14,0.7,"[16.914288857128724, 39.26123694097623]"
F122013,10,14,0.8,"[16.914288857128724, 43.616120502352715]"
F122013,10,14,0.9,"[16.914288857128724, 50.594719865359366]"
F122013,10,14,1.0,"[16.914288857128724, 57.02523551508784]"
F122013,10,15,0.01,"[59.559944720014016, 0.655834989156574]"
F122013,10,15,0.1,"[6.964708361833971, 5.978081291075796]"
F122013,10,15,0.2,"[6.964708361833971, 12.39670173311606]"
F122013,10,15,0.3,"[6.964708361833971, 19.60329311992973]"
F122013,10,15,0.4,"[6.964708361833971, 26.602463210001588]"
F122013,10,15,0.5,"[6.964708361833971, 34.073213669937104]"
F122013,10,15,0.6,"[6.964708361833971, 42.009456768166274]"
F122013,10,15,0.7,"[6.964708361833971, 45.9985543792136]"
F122013,10,15,0.8,"[6.964708361833971, 52.935947632882744]"
F122013,10,15,0.9,"[6.964708361833971, 60.38496062112972]"
F122013,10,15,1.0,"[6.964708361833971, 66.40573684917763]"
F122013,10,16,0.01,"[56.725052442176064, 0.9613150539807975]"
F122013,10,16,0.1,"[14.924350546227686, 6.904886866919696]"
F122013,10,16,0.2,"[14.924350546227686, 13.342923746909946]"
F122013,10,16,0.3,"[14.924350546227686, 19.480477767065167]"
F122013,10,16,0.4,"[14.924350546227686, 23.095430991146713]"
F122013,10,16,0.5,"[14.924350546227686, 26.491818379145116]"
F122013,10,16,0.6,"[14.924350546227686, 32.21475759008899]"
F122013,10,16,0.7,"[14.924350546227686, 37.595326538197696]"
F122013,10,16,0.8,"[14.924350546227686, 40.95661108614877]"
F122013,10,16,0.9,"[14.924350546227686, 43.62632764922455]"
F122013,10,16,1.0,"[14.924350546227686, 46.53716841293499]"
F122013,10,17,0.01,"[47.586336934874794, 0.9748684829100966]"
F122013,10,17,0.1,"[20.894079654253915, 8.731907520908862]"
F122013,10,17,0.2,"[20.894079654253915, 17.69215922616422]"
F122013,10,17,0.3,"[20.894079654253915, 26.242526467889547]"
F122013,10,17,0.4,"[20.894079654253915, 33.00474337302148]"
F122013,10,17,0.5,"[20.894079654253915, 37.31273853313178]"
F122013,10,17,0.6,"[20.894079654253915, 43.95884017692879]"
F122013,10,17,0.7,"[20.894079654253915, 51.32847610581666]"
F122013,10,17,0.8,"[20.894079654253915, 58.68476560898125]"
F122013,10,17,0.9,"[20.894079654253915, 65.9893004191108]"
F122013,10,17,1.0,"[20.894079654253915, 69.79346511187032]"
F122013,10,18,0.01,"[54.56818508330957, 0.8627127539366484]"
F122013,10,18,0.1,"[27.858803174983223, 8.32920985110104]"
F122013,10,18,0.2,"[27.858803174983223, 17.22434414876625]"
F122013,10,18,0.3,"[27.858803174983223, 24.88257697178051]"
F122013,10,18,0.4,"[27.858803174983223, 31.979009500704706]"
F122013,10,18,0.5,"[27.858803174983223, 38.80587729997933]"
F122013,10,18,0.6,"[27.858803174983223, 46.263505381997675]"
F122013,10,18,0.7,"[27.858803174983223, 52.66697439411655]"
F122013,10,18,0.8,"[27.858803174983223, 57.62108149006963]"
F122013,10,18,0.9,"[27.858803174983223, 64.4804256730713]"
F122013,10,18,1.0,"[27.858803174983223, 69.40634272107854]"
F122013,10,19,0.01,"[48.731280549317546, 0.5271272952668369]"
F122013,10,19,0.1,"[15.919329800035428, 5.606899235397577]"
F122013,10,19,0.2,"[15.919329800035428, 13.51584219513461]"
F122013,10,19,0.3,"[15.919329800035428, 20.017260573338717]"
F122013,10,19,0.4,"[15.919329800035428, 26.0472976770252]"
F122013,10,19,0.5,"[15.919329800035428, 32.23006895929575]"
F122013,10,19,0.6,"[15.919329800035428, 39.90631966013461]"
F122013,10,19,0.7,"[15.919329800035428, 48.56776774907485]"
F122013,10,19,0.8,"[15.919329800035428, 56.13310320302844]"
F122013,10,19,0.9,"[15.919329800035428, 63.359708603005856]"
F122013,10,19,1.0,"[15.919329800035428, 67.93948731338605]"
F122013,10,20,0.01,"[31.95155113765196, 1.153616278897971]"
F122013,10,20,0.1,"[11.939498609481348, 7.333500337321311]"
F122013,10,20,0.2,"[11.939498609481348, 13.602589160203934]"
F122013,10,20,0.3,"[11.939498609481348, 20.46001578727737]"
F122013,10,20,0.4,"[11.939498609481348, 26.669810557272285]"
F122013,10,20,0.5,"[11.939498609481348, 33.13594183605164]"
F122013,10,20,0.6,"[11.939498609481348, 40.37772501120344]"
F122013,10,20,0.7,"[11.939498609481348, 48.35586005914956]"
F122013,10,20,0.8,"[11.939498609481348, 55.88648183317855]"
F122013,10,20,0.9,"[11.939498609481348, 60.337277073878795]"
F122013,10,20,1.0,"[11.939498609481348, 65.71906181890517]"
F122013,10,21,0.01,"[10.618003272475278, 0.6226080600172281]"
F122013,10,21,0.1,"[3.9798362283731876, 7.944151770323515]"
F122013,10,21,0.2,"[3.9798362283731876, 12.868081581313163]"
F122013,10,21,0.3,"[3.9798362283731876, 16.34296980407089]"
F122013,10,21,0.4,"[3.9798362283731876, 23.333985176403075]"
F122013,10,21,0.5,"[3.9798362283731876, 30.42818818008527]"
F122013,10,21,0.6,"[3.9798362283731876, 38.39419287722558]"
F122013,10,21,0.7,"[3.9798362283731876, 47.381565765012056]"
F122013,10,21,0.8,"[3.9798362283731876, 54.996043478138745]"
F122013,10,21,0.9,"[3.9798362283731876, 60.62593207741156]"
F122013,10,21,1.0,"[3.9798362283731876, 63.136428599245846]"
F122013,10,22,0.01,"[43.971336378000615, 1.1759481029585004]"
F122013,10,22,0.1,"[13.929411685848834, 8.078451639041305]"
F122013,10,22,0.2,"[13.929411685848834, 14.62212464492768]"
F122013,10,22,0.3,"[13.929411685848834, 21.950704576913267]"
F122013,10,22,0.4,"[13.929411685848834, 29.044368953909725]"
F122013,10,22,0.5,"[13.929411685848834, 37.83963942574337]"
F122013,10,22,0.6,"[13.929411685848834, 45.27772834897041]"
F122013,10,22,0.7,"[13.929411685848834, 53.81278080586344]"
F122013,10,22,0.8,"[13.929411685848834, 61.433860004879534]"
F122013,10,22,0.9,"[13.929411685848834, 67.04749264009297]"
F122013,10,22,1.0,"[13.929411685848834, 69.4412843119353]"
F122013,10,23,0.01,"[9.858257706156678, 0.7462440161034465]"
F122013,10,23,0.1,"[7.959667418927268, 3.870467874687165]"
F122013,10,23,0.2,"[7.959667418927268, 8.12396381283179]"
F122013,10,23,0.3,"[7.959667418927268, 13.600311154033989]"
F122013,10,23,0.4,"[7.959667418927268, 20.3153579197824]"
F122013,10,23,0.5,"[7.959667418927268, 27.94811223493889]"
F122013,10,23,0.6,"[7.959667418927268, 34.63460143469274]"
F122013,10,23,0.7,"[7.959667418927268, 41.43789701582864]"
F122013,10,23,0.8,"[7.959667418927268, 47.46725295204669]"
F122013,10,23,0.9,"[7.959667418927268, 55.01168627804145]"
F122013,10,23,1.0,"[7.959667418927268, 61.904983811080456]"
F122013,10,24,0.01,"[53.956326618569165, 1.2785070789977908]"
F122013,10,24,0.1,"[11.939498609481348, 8.865236775018275]"
F122013,10,24,0.2,"[11.939498609481348, 12.67929812381044]"
F122013,10,24,0.3,"[11.939498609481348, 18.021201025228947]"
F122013,10,24,0.4,"[11.939498609481348, 25.096203113906085]"
F122013,10,24,0.5,"[11.939498609481348, 32.74158530076966]"
F122013,10,24,0.6,"[11.939498609481348, 39.141834408044815]"
F122013,10,24,0.7,"[11.939498609481348, 47.169919564854354]"
F122013,10,24,0.8,"[11.939498609481348, 54.95507138222456]"
F122013,10,24,0.9,"[11.939498609481348, 61.83339016418904]"
F122013,10,24,1.0,"[11.939498609481348, 67.53920576488599]"
F122013,10,25,0.01,"[11.932706723592048, 0.356750660110265]"
F122013,10,25,0.1,"[7.959667418927268, 6.924472128041089]"
F122013,10,25,0.2,"[7.959667418927268, 16.04274068167433]"
F122013,10,25,0.3,"[7.959667418927268, 23.724188934080303]"
F122013,10,25,0.4,"[7.959667418927268, 31.425857713911682]"
F122013,10,25,0.5,"[7.959667418927268, 38.519903318956494]"
F122013,10,25,0.6,"[7.959667418927268, 45.49345808569342]"
F122013,10,25,0.7,"[7.959667418927268, 53.39713661605492]"
F122013,10,25,0.8,"[7.959667418927268, 60.623931263107806]"
F122013,10,25,0.9,"[7.959667418927268, 66.86464879009873]"
F122013,10,25,1.0,"[7.959667418927268, 69.82391627784818]"
F122013,10,26,0.01,"[61.152532326600976, 0.6821174081414938]"
F122013,10,26,0.1,"[29.84870109245537, 5.3990699970163405]"
F122013,10,26,0.2,"[29.84870109245537, 13.630112000275403]"
F122013,10,26,0.3,"[29.84870109245537, 22.25377605203539]"
F122013,10,26,0.4,"[29.84870109245537, 27.611612433101982]"
F122013,10,26,0.5,"[29.84870109245537, 33.70162622118369]"
F122013,10,26,0.6,"[29.84870109245537, 40.4067018548958]"
F122013,10,26,0.7,"[29.84870109245537, 48.00461116619408]"
F122013,10,26,0.8,"[29.84870109245537, 55.886305530089885]"
F122013,10,26,0.9,"[29.84870109245537, 63.38874758128077]"
F122013,10,26,1.0,"[29.84870109245537, 68.4360776823014]"
F122013,10,27,0.01,"[13.408034966621415, 1.0272759799845517]"
F122013,10,27,0.1,"[7.959667418927268, 8.157362803351134]"
F122013,10,27,0.2,"[7.959667418927268, 15.427280131261796]"
F122013,10,27,0.3,"[7.959667418927268, 22.278385958168656]"
F122013,10,27,0.4,"[7.959667418927268, 29.600358264986426]"
F122013,10,27,0.5,"[7.959667418927268, 36.501813520211726]"
F122013,10,27,0.6,"[7.959667418927268, 43.62615601718426]"
F122013,10,27,0.7,"[7.959667418927268, 50.723910813219845]"
F122013,10,27,0.8,"[7.959667418927268, 57.71772378496826]"
F122013,10,27,0.9,"[7.959667418927268, 63.38463073736057]"
F122013,10,27,1.0,"[7.959667418927268, 68.2577389869839]"
F122013,10,28,0.01,"[61.297127395694616, 0.7124492637813091]"
F122013,10,28,0.1,"[18.904181736781766, 5.580623172689229]"
F122013,10,28,0.2,"[18.904181736781766, 13.189042599871755]"
F122013,10,28,0.3,"[18.904181736781766, 21.545367973856628]"
F122013,10,28,0.4,"[18.904181736781766, 28.08840948296711]"
F122013,10,28,0.5,"[18.904181736781766, 33.823659943882376]"
F122013,10,28,0.6,"[18.904181736781766, 41.6372322300449]"
F122013,10,28,0.7,"[18.904181736781766, 50.55915248207748]"
F122013,10,28,0.8,"[18.904181736781766, 57.62481309007853]"
F122013,10,28,0.9,"[18.904181736781766, 64.9402625830844]"
F122013,10,28,1.0,"[18.904181736781766, 69.31870184885338]"
F122013,10,29,0.01,"[51.10734595011019, 0.29206229839473963]"
F122013,10,29,0.1,"[13.929416723667941, 7.017709408421069]"
F122013,10,29,0.2,"[13.929416723667941, 15.398124194238335]"
F122013,10,29,0.3,"[13.929416723667941, 22.743882759008557]"
F122013,10,29,0.4,"[13.929416723667941, 29.344267532229424]"
F122013,10,29,0.5,"[13.929416723667941, 35.64980246638879]"
F122013,10,29,0.6,"[13.929416723667941, 39.75580759206787]"
F122013,10,29,0.7,"[13.929416723667941, 44.607065179385245]"
F122013,10,29,0.8,"[13.929416723667941, 52.18110804213211]"
F122013,10,29,0.9,"[13.929416723667941, 59.771688882261515]"
F122013,10,29,1.0,"[13.929416723667941, 66.75331342034042]"
F122013,10,30,0.01,"[42.93524809663148, 1.0241802069358528]"
F122013,10,30,0.1,"[16.914288857128724, 8.471828505862504]"
F122013,10,30,0.2,"[16.914288857128724, 16.09872563695535]"
F122013,10,30,0.3,"[16.914288857128724, 22.99791532056406]"
F122013,10,30,0.4,"[16.914288857128724, 31.345873958896846]"
F122013,10,30,0.5,"[16.914288857128724, 37.178060858976096]"
F122013,10,30,0.6,"[16.914288857128724, 43.4646262479946]"
F122013,10,30,0.7,"[16.914288857128724, 50.337267458904535]"
F122013,10,30,0.8,"[16.914288857128724, 57.08393486076966]"
F122013,10,30,0.9,"[16.914288857128724, 62.913068434689194]"
F122013,10,30,1.0,"[16.914288857128724, 68.06287877866998]"
F122013,10,31,0.01,"[13.415410168760275, 0.6333565637469292]"
F122013,10,31,0.1,"[10.944544590207158, 5.30767472460866]"
F122013,10,31,0.2,"[10.944544590207158, 13.149466105736792]"
F122013,10,31,0.3,"[10.944544590207158, 19.387468131724745]"
F122013,10,31,0.4,"[10.944544590207158, 24.94763199193403]"
F122013,10,31,0.5,"[10.944544590207158, 32.3247284819372]"
F122013,10,31,0.6,"[10.944544590207158, 39.280039850622416]"
F122013,10,31,0.7,"[10.944544590207158, 46.69742071675137]"
F122013,10,31,0.8,"[10.944544590207158, 55.40021622600034]"
F122013,10,31,0.9,"[10.944544590207158, 61.17146686371416]"
F122013,10,31,1.0,"[10.944544590207158, 67.05405612988397]"
F122013,10,32,0.01,"[56.97559722415346, 0.80258200597018]"
F122013,10,32,0.1,"[11.939498609481348, 7.056531377136707]"
F122013,10,32,0.2,"[11.939498609481348, 15.176598517224193]"
F122013,10,32,0.3,"[11.939498609481348, 22.19090327108279]"
F122013,10,32,0.4,"[11.939498609481348, 28.29656379017979]"
F122013,10,32,0.5,"[11.939498609481348, 35.03326293407008]"
F122013,10,32,0.6,"[11.939498609481348, 41.1609491542913]"
F122013,10,32,0.7,"[11.939498609481348, 48.534798248205334]"
F122013,10,32,0.8,"[11.939498609481348, 55.96673529408872]"
F122013,10,32,0.9,"[11.939498609481348, 61.890976978931576]"
F122013,10,32,1.0,"[11.939498609481348, 67.54369537811726]"
F122013,10,33,0.01,"[67.25017249856614, 0.8195312949828804]"
F122013,10,33,0.1,"[27.85874240194289, 6.6796179208904505]"
F122013,10,33,0.2,"[27.85874240194289, 14.05514628905803]"
F122013,10,33,0.3,"[27.85874240194289, 21.170642544981092]"
F122013,10,33,0.4,"[27.85874240194289, 29.388351866044104]"
F122013,10,33,0.5,"[27.85874240194289, 37.63442223193124]"
F122013,10,33,0.6,"[27.85874240194289, 45.951295278035104]"
F122013,10,33,0.7,"[27.85874240194289, 54.15632208902389]"
F122013,10,33,0.8,"[27.85874240194289, 61.35941616166383]"
F122013,10,33,0.9,"[27.85874240194289, 68.34161060070619]"
F122013,10,33,1.0,"[27.85874240194289, 70.79346597287804]"
F122013,10,34,0.01,"[18.604962725838334, 0.5180743769742548]"
F122013,10,34,0.1,"[12.934462704393695, 6.957004141993821]"
F122013,10,34,0.2,"[12.934462704393695, 15.054321618750691]"
F122013,10,34,0.3,"[12.934462704393695, 22.723841935861856]"
F122013,10,34,0.4,"[12.934462704393695, 29.61920165270567]"
F122013,10,34,0.5,"[12.934462704393695, 36.234153946861625]"
F122013,10,34,0.6,"[12.934462704393695, 43.3490843209438]"
F122013,10,34,0.7,"[12.934462704393695, 50.39681172557175]"
F122013,10,34,0.8,"[12.934462704393695, 57.64857784565538]"
F122013,10,34,0.9,"[12.934462704393695, 64.94673302676529]"
F122013,10,34,1.0,"[12.934462704393695, 69.29859891161323]"
F122013,10,35,0.01,"[47.38715752643671, 0.7588736382313073]"
F122013,10,35,0.1,"[6.964708361833971, 7.954282640013844]"
F122013,10,35,0.2,"[6.964708361833971, 15.962771267164499]"
F122013,10,35,0.3,"[6.964708361833971, 23.23264814214781]"
F122013,10,35,0.4,"[6.964708361833971, 30.058955078944564]"
F122013,10,35,0.5,"[6.964708361833971, 37.656348925083876]"
F122013,10,35,0.6,"[6.964708361833971, 45.566754991188645]"
F122013,10,35,0.7,"[6.964708361833971, 51.94973850110546]"
F122013,10,35,0.8,"[6.964708361833971, 60.69327302323654]"
F122013,10,35,0.9,"[6.964708361833971, 67.20403163507581]"
F122013,10,35,1.0,"[6.964708361833971, 69.9574018153362]"
F122013,10,36,0.01,"[52.1211668168888, 0.8044876391068101]"
F122013,10,36,0.1,"[6.9647133996530215, 7.810995885170996]"
F122013,10,36,0.2,"[6.9647133996530215, 14.9323636633344]"
F122013,10,36,0.3,"[6.9647133996530215, 21.72024209005758]"
F122013,10,36,0.4,"[6.9647133996530215, 29.058914123103023]"
F122013,10,36,0.5,"[6.9647133996530215, 36.02051810501143]"
F122013,10,36,0.6,"[6.9647133996530215, 42.753578464034945]"
F122013,10,36,0.7,"[6.9647133996530215, 49.67910127993673]"
F122013,10,36,0.8,"[6.9647133996530215, 56.772662756964564]"
F122013,10,36,0.9,"[6.9647133996530215, 62.9783282103017]"
F122013,10,36,1.0,"[6.9647133996530215, 67.96847774833441]"
F122013,10,37,0.01,"[60.56087131925855, 0.9607805372215807]"
F122013,10,37,0.1,"[17.909227717507576, 9.409630963113159]"
F122013,10,37,0.2,"[17.909227717507576, 18.76778043108061]"
F122013,10,37,0.3,"[17.909227717507576, 23.784721152856946]"
F122013,10,37,0.4,"[17.909227717507576, 31.044409898109734]"
F122013,10,37,0.5,"[17.909227717507576, 39.57786462595686]"
F122013,10,37,0.6,"[17.909227717507576, 46.108463370241225]"
F122013,10,37,0.7,"[17.909227717507576, 54.473590915091336]"
F122013,10,37,0.8,"[17.909227717507576, 61.6132322428748]"
F122013,10,37,0.9,"[17.909227717507576, 67.34776305686682]"
F122013,10,37,1.0,"[17.909227717507576, 69.85732469102368]"
F122013,10,38,0.01,"[44.97516604625437, 1.0449171448126435]"
F122013,10,38,0.1,"[12.934457666574644, 7.814041310921311]"
F122013,10,38,0.2,"[12.934457666574644, 13.937014679890126]"
F122013,10,38,0.3,"[12.934457666574644, 19.68627032171935]"
F122013,10,38,0.4,"[12.934457666574644, 25.063288990873843]"
F122013,10,38,0.5,"[12.934457666574644, 31.640997989103198]"
F122013,10,38,0.6,"[12.934457666574644, 38.7121525448747]"
F122013,10,38,0.7,"[12.934457666574644, 46.263191083911806]"
F122013,10,38,0.8,"[12.934457666574644, 54.169111052993685]"
F122013,10,38,0.9,"[12.934457666574644, 61.508965618908405]"
F122013,10,38,1.0,"[12.934457666574644, 68.01171571295708]"
F122013,10,39,0.01,"[51.032455329542415, 0.464841831009835]"
F122013,10,39,0.1,"[15.919329800035428, 6.015111335087568]"
F122013,10,39,0.2,"[15.919329800035428, 12.554702455177903]"
F122013,10,39,0.3,"[15.919329800035428, 19.98749833693728]"
F122013,10,39,0.4,"[15.919329800035428, 27.24947008723393]"
F122013,10,39,0.5,"[15.919329800035428, 34.647445667069405]"
F122013,10,39,0.6,"[15.919329800035428, 42.74449778907001]"
F122013,10,39,0.7,"[15.919329800035428, 50.70135238301009]"
F122013,10,39,0.8,"[15.919329800035428, 58.17972502717748]"
F122013,10,39,0.9,"[15.919329800035428, 64.03152737487108]"
F122013,10,39,1.0,"[15.919329800035428, 67.72777210222557]"
F122013,10,40,0.01,"[55.05091013703952, 0.7829141672700644]"
F122013,10,40,0.1,"[12.934457666574644, 7.039901352021843]"
F122013,10,40,0.2,"[12.934457666574644, 13.030024730134755]"
F122013,10,40,0.3,"[12.934457666574644, 19.690573967061937]"
F122013,10,40,0.4,"[12.934457666574644, 28.028864417225122]"
F122013,10,40,0.5,"[12.934457666574644, 36.48320282017812]"
F122013,10,40,0.6,"[12.934457666574644, 44.69349795719609]"
F122013,10,40,0.7,"[12.934457666574644, 52.07569932937622]"
F122013,10,40,0.8,"[12.934457666574644, 59.48279487621039]"
F122013,10,40,0.9,"[12.934457666574644, 66.52180247334763]"
F122013,10,40,1.0,"[12.934457666574644, 69.62703531840816]"
F122013,10,41,0.01,"[5.923152231382915, 0.37584276823326945]"
F122013,10,41,0.1,"[4.9747952854664845, 6.037601542193443]"
F122013,10,41,0.2,"[4.9747952854664845, 15.019909274298698]"
F122013,10,41,0.3,"[4.9747952854664845, 22.20407313434407]"
F122013,10,41,0.4,"[4.9747952854664845, 28.625353871379048]"
F122013,10,41,0.5,"[4.9747952854664845, 35.22165345912799]"
F122013,10,41,0.6,"[4.9747952854664845, 42.11736563500017]"
F122013,10,41,0.7,"[4.9747952854664845, 48.33420360228047]"
F122013,10,41,0.8,"[4.9747952854664845, 52.93297084933147]"
F122013,10,41,0.9,"[4.9747952854664845, 60.24527440639213]"
F122013,10,41,1.0,"[4.9747952854664845, 65.36292836908251]"
F122013,10,42,0.01,"[30.208693230505787, 0.6464990479871631]"
F122013,10,42,0.1,"[8.954626476020564, 5.894512141589075]"
F122013,10,42,0.2,"[8.954626476020564, 13.11023062095046]"
F122013,10,42,0.3,"[8.954626476020564, 20.53177646175027]"
F122013,10,42,0.4,"[8.954626476020564, 27.895249311812222]"
F122013,10,42,0.5,"[8.954626476020564, 33.8791867387481]"
F122013,10,42,0.6,"[8.954626476020564, 40.44311172189191]"
F122013,10,42,0.7,"[8.954626476020564, 48.25013595959172]"
F122013,10,42,0.8,"[8.954626476020564, 56.3566347239539]"
F122013,10,42,0.9,"[8.954626476020564, 64.0364453336224]"
F122013,10,42,1.0,"[8.954626476020564, 69.10764528159052]"
F122013,10,43,0.01,"[46.29872955051107, 0.713571357075125]"
F122013,10,43,0.1,"[11.939498609481348, 6.381584903690964]"
F122013,10,43,0.2,"[11.939498609481348, 12.301266935653985]"
F122013,10,43,0.3,"[11.939498609481348, 18.731352048926055]"
F122013,10,43,0.4,"[11.939498609481348, 22.54700611298904]"
F122013,10,43,0.5,"[11.939498609481348, 30.364290984813124]"
F122013,10,43,0.6,"[11.939498609481348, 36.584374797996134]"
F122013,10,43,0.7,"[11.939498609481348, 45.240947872865945]"
F122013,10,43,0.8,"[11.939498609481348, 49.53346978407353]"
F122013,10,43,0.9,"[11.939498609481348, 58.00317196780816]"
F122013,10,43,1.0,"[11.939498609481348, 63.64908261504024]"
F122013,10,44,0.01,"[56.791369250484024, 1.0495019876398146]"
F122013,10,44,0.1,"[19.899140793875063, 9.09386071190238]"
F122013,10,44,0.2,"[19.899140793875063, 17.425668333657086]"
F122013,10,44,0.3,"[19.899140793875063, 23.986069392878562]"
F122013,10,44,0.4,"[19.899140793875063, 31.05362163297832]"
F122013,10,44,0.5,"[19.899140793875063, 38.12897393479943]"
F122013,10,44,0.6,"[19.899140793875063, 45.750476475805044]"
F122013,10,44,0.7,"[19.899140793875063, 52.77903235889971]"
F122013,10,44,0.8,"[19.899140793875063, 61.161130828782916]"
F122013,10,44,0.9,"[19.899140793875063, 67.28454504860565]"
F122013,10,44,1.0,"[19.899140793875063, 70.7344007329084]"
F122013,10,45,0.01,"[57.82501379367565, 0.7593403826467693]"
F122013,10,45,0.1,"[9.949585533113861, 8.175227193627506]"
F122013,10,45,0.2,"[9.949585533113861, 15.426061471924186]"
F122013,10,45,0.3,"[9.949585533113861, 22.29460703674704]"
F122013,10,45,0.4,"[9.949585533113861, 28.453041146043688]"
F122013,10,45,0.5,"[9.949585533113861, 36.21771946270019]"
F122013,10,45,0.6,"[9.949585533113861, 42.243086114991456]"
F122013,10,45,0.7,"[9.949585533113861, 50.36305261775851]"
F122013,10,45,0.8,"[9.949585533113861, 58.504746397957206]"
F122013,10,45,0.9,"[9.949585533113861, 65.22502920404077]"
F122013,10,45,1.0,"[9.949585533113861, 69.5177184548229]"
F122013,10,46,0.01,"[50.489911544422654, 1.0441435128450394]"
F122013,10,46,0.1,"[11.939498609481348, 7.842890310101211]"
F122013,10,46,0.2,"[11.939498609481348, 16.00121073704213]"
F122013,10,46,0.3,"[11.939498609481348, 23.232282670214772]"
F122013,10,46,0.4,"[11.939498609481348, 30.88975343387574]"
F122013,10,46,0.5,"[11.939498609481348, 38.097430860158056]"
F122013,10,46,0.6,"[11.939498609481348, 44.38067510584369]"
F122013,10,46,0.7,"[11.939498609481348, 52.371318202931434]"
F122013,10,46,0.8,"[11.939498609481348, 60.608554075006396]"
F122013,10,46,0.9,"[11.939498609481348, 66.67530014785007]"
F122013,10,46,1.0,"[11.939498609481348, 69.90267883287743]"
F122013,10,47,0.01,"[56.346593047315594, 1.1695405058562756]"
F122013,10,47,0.1,"[3.9798362283731876, 6.637837324757129]"
F122013,10,47,0.2,"[3.9798362283731876, 11.213701318018138]"
F122013,10,47,0.3,"[3.9798362283731876, 17.653594615869224]"
F122013,10,47,0.4,"[3.9798362283731876, 22.322316776029766]"
F122013,10,47,0.5,"[3.9798362283731876, 26.275518293958157]"
F122013,10,47,0.6,"[3.9798362283731876, 34.968575161881745]"
F122013,10,47,0.7,"[3.9798362283731876, 41.82966754771769]"
F122013,10,47,0.8,"[3.9798362283731876, 44.24579241173342]"
F122013,10,47,0.9,"[3.9798362283731876, 47.54866631003097]"
F122013,10,47,1.0,"[3.9798362283731876, 50.807094600982964]"
F122013,10,48,0.01,"[11.764789458329005, 0.24163553304970264]"
F122013,10,48,0.1,"[8.954626476020564, 3.788889565039426]"
F122013,10,48,0.2,"[8.954626476020564, 6.235446854960173]"
F122013,10,48,0.3,"[8.954626476020564, 8.81973797082901]"
F122013,10,48,0.4,"[8.954626476020564, 11.498064710758626]"
F122013,10,48,0.5,"[8.954626476020564, 14.392132498789579]"
F122013,10,48,0.6,"[8.954626476020564, 18.7147264177911]"
F122013,10,48,0.7,"[8.954626476020564, 23.061350557021797]"
F122013,10,48,0.8,"[8.954626476020564, 25.470428350847214]"
F122013,10,48,0.9,"[8.954626476020564, 27.811947483103722]"
F122013,10,48,1.0,"[8.954626476020564, 30.1696022558026]"
F122013,10,49,0.01,"[46.35269801365902, 0.6965364222414792]"
F122013,10,49,0.1,"[8.954626476020564, 7.4110127170570195]"
F122013,10,49,0.2,"[8.954626476020564, 11.90709680505097]"
F122013,10,49,0.3,"[8.954626476020564, 15.274698344990611]"
F122013,10,49,0.4,"[8.954626476020564, 19.68740890501067]"
F122013,10,49,0.5,"[8.954626476020564, 22.835620295256376]"
F122013,10,49,0.6,"[8.954626476020564, 25.01486270315945]"
F122013,10,49,0.7,"[8.954626476020564, 27.254897815175354]"
F122013,10,49,0.8,"[8.954626476020564, 29.605745770037174]"
F122013,10,49,0.9,"[8.954626476020564, 31.952862844336778]"
F122013,10,49,1.0,"[8.954626476020564, 34.303562075365335]"
F122013,10,50,0.01,"[43.27726833682408, 0.7084240131080151]"
F122013,10,50,0.1,"[11.939498609481348, 6.7926938170567155]"
F122013,10,50,0.2,"[11.939498609481348, 12.112450756132603]"
F122013,10,50,0.3,"[11.939498609481348, 15.908942764159292]"
F122013,10,50,0.4,"[11.939498609481348, 19.847657931037247]"
F122013,10,50,0.5,"[11.939498609481348, 22.184177646879107]"
F122013,10,50,0.6,"[11.939498609481348, 24.505699079018086]"
F122013,10,50,0.7,"[11.939498609481348, 26.840495658107102]"
F122013,10,50,0.8,"[11.939498609481348, 29.1756153088063]"
F122013,10,50,0.9,"[11.939498609481348, 31.50902240211144]"
F122013,10,50,1.0,"[11.939498609481348, 33.85548116499558]"
F122013,30,0,0.01,"[85.63420831249692, 6.706600458361208]"
F122013,30,0,0.1,"[49.74786208304488, 58.63430249411613]"
F122013,30,0,0.2,"[49.74786208304488, 117.85085497330874]"
F122013,30,0,0.3,"[49.74786208304488, 175.61806665128097]"
F122013,30,0,0.4,"[49.74786208304488, 235.5259872772731]"
F122013,30,0,0.5,"[49.74786208304488, 293.7055335859768]"
F122013,30,0,0.6,"[49.74786208304488, 354.90439471323043]"
F122013,30,0,0.7,"[49.74786208304488, 414.1423173430376]"
F122013,30,0,0.8,"[49.74786208304488, 472.4820649661124]"
F122013,30,0,0.9,"[49.74786208304488, 530.2458063713275]"
F122013,30,0,1.0,"[49.74786208304488, 574.2724695303477]"
F122013,30,1,0.01,"[70.25411410239951, 3.5016025048680604]"
F122013,30,1,0.1,"[66.6621155845638, 54.2059801928699]"
F122013,30,1,0.2,"[66.6621155845638, 111.92990880506113]"
F122013,30,1,0.3,"[66.6621155845638, 168.28233685996383]"
F122013,30,1,0.4,"[66.6621155845638, 227.36556062102318]"
F122013,30,1,0.5,"[66.6621155845638, 286.15806817496195]"
F122013,30,1,0.6,"[66.6621155845638, 345.3084907247685]"
F122013,30,1,0.7,"[66.6621155845638, 403.20429407898337]"
F122013,30,1,0.8,"[66.6621155845638, 462.1782157928683]"
F122013,30,1,0.9,"[66.6621155845638, 519.2771227639169]"
F122013,30,1,1.0,"[66.6621155845638, 569.5698850927874]"
F122013,30,2,0.01,"[219.49054430974516, 6.951478971168399]"
F122013,30,2,0.1,"[40.79329111391053, 57.88503334438428]"
F122013,30,2,0.2,"[40.79329111391053, 118.18680403800681]"
F122013,30,2,0.3,"[40.79329111391053, 173.24051072634757]"
F122013,30,2,0.4,"[40.79329111391053, 230.6475853039883]"
F122013,30,2,0.5,"[40.79329111391053, 288.95510676829144]"
F122013,30,2,0.6,"[40.79329111391053, 349.33374919742346]"
F122013,30,2,0.7,"[40.79329111391053, 404.9812962091528]"
F122013,30,2,0.8,"[40.79329111391053, 464.5470199622214]"
F122013,30,2,0.9,"[40.79329111391053, 522.448805322405]"
F122013,30,2,1.0,"[40.79329111391053, 571.569731743075]"
F122013,30,3,0.01,"[220.0030291616998, 8.209384213667363]"
F122013,30,3,0.1,"[47.75798940010628, 65.45508635696024]"
F122013,30,3,0.2,"[47.75798940010628, 130.28165287803859]"
F122013,30,3,0.3,"[47.75798940010628, 185.2865338427946]"
F122013,30,3,0.4,"[47.75798940010628, 231.63437972171232]"
F122013,30,3,0.5,"[47.75798940010628, 291.50159170664847]"
F122013,30,3,0.6,"[47.75798940010628, 355.24556859303266]"
F122013,30,3,0.7,"[47.75798940010628, 418.3834064528346]"
F122013,30,3,0.8,"[47.75798940010628, 476.33049052767456]"
F122013,30,3,0.9,"[47.75798940010628, 537.5281484378502]"
F122013,30,3,1.0,"[47.75798940010628, 577.6169930836186]"
F122013,30,4,0.01,"[208.2772673295495, 6.4916331470012665]"
F122013,30,4,0.1,"[32.83359846044971, 55.23234502086416]"
F122013,30,4,0.2,"[32.83359846044971, 114.48100278899074]"
F122013,30,4,0.3,"[32.83359846044971, 174.5652627730742]"
F122013,30,4,0.4,"[32.83359846044971, 238.37914501223713]"
F122013,30,4,0.5,"[32.83359846044971, 296.1321523981169]"
F122013,30,4,0.6,"[32.83359846044971, 358.9145884551108]"
F122013,30,4,0.7,"[32.83359846044971, 418.1126089338213]"
F122013,30,4,0.8,"[32.83359846044971, 476.0931480289437]"
F122013,30,4,0.9,"[32.83359846044971, 534.643659260124]"
F122013,30,4,1.0,"[32.83359846044971, 575.7800366142765]"
F122013,30,5,0.01,"[107.96691063490357, 4.687576042022556]"
F122013,30,5,0.1,"[45.76805612702435, 53.9381830599159]"
F122013,30,5,0.2,"[45.76805612702435, 111.02268589287996]"
F122013,30,5,0.3,"[45.76805612702435, 170.75232497276738]"
F122013,30,5,0.4,"[45.76805612702435, 229.93086811574176]"
F122013,30,5,0.5,"[45.76805612702435, 282.7735100639984]"
F122013,30,5,0.6,"[45.76805612702435, 335.0282476176508]"
F122013,30,5,0.7,"[45.76805612702435, 393.2518083406612]"
F122013,30,5,0.8,"[45.76805612702435, 419.6697446797043]"
F122013,30,5,0.9,"[45.76805612702435, 477.4527315408923]"
F122013,30,5,1.0,"[45.76805612702435, 535.7291082870215]"
F122013,30,6,0.01,"[114.78945938432321, 7.100568112917244]"
F122013,30,6,0.1,"[29.848751561522477, 63.411325321067125]"
F122013,30,6,0.2,"[29.848751561522477, 124.34387654112652]"
F122013,30,6,0.3,"[29.848751561522477, 189.1621348359622]"
F122013,30,6,0.4,"[29.848751561522477, 232.4579551499337]"
F122013,30,6,0.5,"[29.848751561522477, 290.17681538080797]"
F122013,30,6,0.6,"[29.848751561522477, 354.2049433798529]"
F122013,30,6,0.7,"[29.848751561522477, 414.96476294798777]"
F122013,30,6,0.8,"[29.848751561522477, 475.2081012171693]"
F122013,30,6,0.9,"[29.848751561522477, 537.0170298069715]"
F122013,30,6,1.0,"[29.848751561522477, 578.8103148471564]"
F122013,30,7,0.01,"[128.08367711522175, 6.573042580857873]"
F122013,30,7,0.1,"[35.81850086626315, 52.42805505497381]"
F122013,30,7,0.2,"[35.81850086626315, 111.12611612817273]"
F122013,30,7,0.3,"[35.81850086626315, 170.02728861011565]"
F122013,30,7,0.4,"[35.81850086626315, 229.09229373000562]"
F122013,30,7,0.5,"[35.81850086626315, 288.7553239981644]"
F122013,30,7,0.6,"[35.81850086626315, 348.67127843387425]"
F122013,30,7,0.7,"[35.81850086626315, 404.43765757000074]"
F122013,30,7,0.8,"[35.81850086626315, 460.60047383001074]"
F122013,30,7,0.9,"[35.81850086626315, 514.0841206088662]"
F122013,30,7,1.0,"[35.81850086626315, 567.4663666631095]"
F122013,30,8,0.01,"[51.74700855362423, 3.644666263833642]"
F122013,30,8,0.1,"[47.75797424121089, 52.82553978776559]"
F122013,30,8,0.2,"[47.75797424121089, 113.19271033676341]"
F122013,30,8,0.3,"[47.75797424121089, 171.0314031378366]"
F122013,30,8,0.4,"[47.75797424121089, 229.1867301929742]"
F122013,30,8,0.5,"[47.75797424121089, 286.52168591087684]"
F122013,30,8,0.6,"[47.75797424121089, 306.8000024650246]"
F122013,30,8,0.7,"[47.75797424121089, 355.01670354185626]"
F122013,30,8,0.8,"[47.75797424121089, 413.33088012598455]"
F122013,30,8,0.9,"[47.75797424121089, 472.9081019409932]"
F122013,30,8,1.0,"[47.75797424121089, 524.8850965066813]"
F122013,30,9,0.01,"[196.84184458389487, 7.697222574148327]"
F122013,30,9,0.1,"[57.7075345397912, 65.88297398481518]"
F122013,30,9,0.2,"[57.7075345397912, 128.580985377077]"
F122013,30,9,0.3,"[57.7075345397912, 192.64086684491485]"
F122013,30,9,0.4,"[57.7075345397912, 253.2218914879486]"
F122013,30,9,0.5,"[57.7075345397912, 315.0968554299325]"
F122013,30,9,0.6,"[57.7075345397912, 375.9481555749662]"
F122013,30,9,0.7,"[57.7075345397912, 436.5899055879563]"
F122013,30,9,0.8,"[57.7075345397912, 499.6986284907907]"
F122013,30,9,0.9,"[57.7075345397912, 560.0509092961438]"
F122013,30,9,1.0,"[57.7075345397912, 582.5270680119283]"
F122013,30,10,0.01,"[203.88194733828158, 7.2818359630182385]"
F122013,30,10,0.1,"[45.768076323738796, 62.613583808299154]"
F122013,30,10,0.2,"[45.768076323738796, 123.43236096622422]"
F122013,30,10,0.3,"[45.768076323738796, 185.81430539814755]"
F122013,30,10,0.4,"[45.768076323738796, 244.6603319523856]"
F122013,30,10,0.5,"[45.768076323738796, 305.75793480919674]"
F122013,30,10,0.6,"[45.768076323738796, 366.62818036135286]"
F122013,30,10,0.7,"[45.768076323738796, 425.7252541910857]"
F122013,30,10,0.8,"[45.768076323738796, 485.9671509722248]"
F122013,30,10,0.9,"[45.768076323738796, 545.2401139079593]"
F122013,30,10,1.0,"[45.768076323738796, 579.767902827356]"
F122013,30,11,0.01,"[245.18421266887486, 6.854056874290109]"
F122013,30,11,0.1,"[65.66717672418494, 57.16404767613858]"
F122013,30,11,0.2,"[65.66717672418494, 117.3917251713574]"
F122013,30,11,0.3,"[65.66717672418494, 176.69004590529948]"
F122013,30,11,0.4,"[65.66717672418494, 235.32234890200198]"
F122013,30,11,0.5,"[65.66717672418494, 290.5958065954037]"
F122013,30,11,0.6,"[65.66717672418494, 347.1843723692]"
F122013,30,11,0.7,"[65.66717672418494, 404.13849664712325]"
F122013,30,11,0.8,"[65.66717672418494, 462.776873704046]"
F122013,30,11,0.9,"[65.66717672418494, 519.8313603140414]"
F122013,30,11,1.0,"[65.66717672418494, 572.3646625922993]"
F122013,30,12,0.01,"[234.0267829987863, 6.892375316936523]"
F122013,30,12,0.1,"[39.79832701899812, 58.600000034086406]"
F122013,30,12,0.2,"[39.79832701899812, 117.57701315637678]"
F122013,30,12,0.3,"[39.79832701899812, 176.7803005813621]"
F122013,30,12,0.4,"[39.79832701899812, 237.67144378228113]"
F122013,30,12,0.5,"[39.79832701899812, 295.72002456197515]"
F122013,30,12,0.6,"[39.79832701899812, 356.87617046711966]"
F122013,30,12,0.7,"[39.79832701899812, 416.25045886915177]"
F122013,30,12,0.8,"[39.79832701899812, 476.24472962133586]"
F122013,30,12,0.9,"[39.79832701899812, 535.2375076930039]"
F122013,30,12,1.0,"[39.79832701899812, 575.3134429962374]"
F122013,30,13,0.01,"[150.87729535914642, 6.060286509804428]"
F122013,30,13,0.1,"[52.732724095429376, 61.86858433391899]"
F122013,30,13,0.2,"[52.732724095429376, 123.59683274803683]"
F122013,30,13,0.3,"[52.732724095429376, 178.2847882779315]"
F122013,30,13,0.4,"[52.732724095429376, 238.34934358205646]"
F122013,30,13,0.5,"[52.732724095429376, 292.6784269120544]"
F122013,30,13,0.6,"[52.732724095429376, 351.9775232928805]"
F122013,30,13,0.7,"[52.732724095429376, 407.62215987592936]"
F122013,30,13,0.8,"[52.732724095429376, 470.4261671360582]"
F122013,30,13,0.9,"[52.732724095429376, 527.7520325100049]"
F122013,30,13,1.0,"[52.732724095429376, 573.9923662049696]"
F122013,30,14,0.01,"[181.1792694687688, 1.9373641097918153]"
F122013,30,14,0.1,"[41.78822997428938, 48.045973824802786]"
F122013,30,14,0.2,"[41.78822997428938, 105.83878607675433]"
F122013,30,14,0.3,"[41.78822997428938, 164.57939736591652]"
F122013,30,14,0.4,"[41.78822997428938, 223.334863638971]"
F122013,30,14,0.5,"[41.78822997428938, 282.32879752479494]"
F122013,30,14,0.6,"[41.78822997428938, 331.1396283409558]"
F122013,30,14,0.7,"[41.78822997428938, 385.5190803129226]"
F122013,30,14,0.8,"[41.78822997428938, 443.58367860596627]"
F122013,30,14,0.9,"[41.78822997428938, 502.38384604267776]"
F122013,30,14,1.0,"[41.78822997428938, 559.6232380559668]"
F122013,30,15,0.01,"[204.95228853596075, 5.6349666099995375]"
F122013,30,15,0.1,"[60.6923408623926, 59.36805248213932]"
F122013,30,15,0.2,"[60.6923408623926, 117.60696066590026]"
F122013,30,15,0.3,"[60.6923408623926, 172.68606222001836]"
F122013,30,15,0.4,"[60.6923408623926, 222.98757316777483]"
F122013,30,15,0.5,"[60.6923408623926, 279.3011790518649]"
F122013,30,15,0.6,"[60.6923408623926, 336.08874568203464]"
F122013,30,15,0.7,"[60.6923408623926, 394.85634290380403]"
F122013,30,15,0.8,"[60.6923408623926, 454.362892172765]"
F122013,30,15,0.9,"[60.6923408623926, 514.3491580681875]"
F122013,30,15,1.0,"[60.6923408623926, 567.1956404750235]"
F122013,30,16,0.01,"[67.09297241141434, 3.1087810900062323]"
F122013,30,16,0.1,"[29.848726326988924, 52.0799210020341]"
F122013,30,16,0.2,"[29.848726326988924, 111.19266473408788]"
F122013,30,16,0.3,"[29.848726326988924, 168.2504361071624]"
F122013,30,16,0.4,"[29.848726326988924, 225.70565328095108]"
F122013,30,16,0.5,"[29.848726326988924, 283.54107408598065]"
F122013,30,16,0.6,"[29.848726326988924, 341.80964511819184]"
F122013,30,16,0.7,"[29.848726326988924, 399.3009208650328]"
F122013,30,16,0.8,"[29.848726326988924, 457.9179839598946]"
F122013,30,16,0.9,"[29.848726326988924, 515.6388898207806]"
F122013,30,16,1.0,"[29.848726326988924, 555.1837112149224]"
F122013,30,17,0.01,"[219.63715203230475, 4.3928661509417]"
F122013,30,17,0.1,"[56.71257044487885, 52.36452319100499]"
F122013,30,17,0.2,"[56.71257044487885, 111.88257460715249]"
F122013,30,17,0.3,"[56.71257044487885, 169.85526211280376]"
F122013,30,17,0.4,"[56.71257044487885, 228.61474353913218]"
F122013,30,17,0.5,"[56.71257044487885, 283.347113662865]"
F122013,30,17,0.6,"[56.71257044487885, 339.3075342942029]"
F122013,30,17,0.7,"[56.71257044487885, 392.77524469280615]"
F122013,30,17,0.8,"[56.71257044487885, 448.80374351190403]"
F122013,30,17,0.9,"[56.71257044487885, 506.3166342722252]"
F122013,30,17,1.0,"[56.71257044487885, 563.5249725598842]"
F122013,30,18,0.01,"[101.5845250558013, 7.395969893783331]"
F122013,30,18,0.1,"[55.71759622889016, 57.836730795912445]"
F122013,30,18,0.2,"[55.71759622889016, 114.68840350490063]"
F122013,30,18,0.3,"[55.71759622889016, 170.844858285971]"
F122013,30,18,0.4,"[55.71759622889016, 229.0547103448771]"
F122013,30,18,0.5,"[55.71759622889016, 287.7627483885735]"
F122013,30,18,0.6,"[55.71759622889016, 337.24140973063186]"
F122013,30,18,0.7,"[55.71759622889016, 393.3234845995903]"
F122013,30,18,0.8,"[55.71759622889016, 450.56351638166234]"
F122013,30,18,0.9,"[55.71759622889016, 508.4185366057791]"
F122013,30,18,1.0,"[55.71759622889016, 561.3860773588531]"
F122013,30,19,0.01,"[93.63996227931835, 6.118625283241272]"
F122013,30,19,0.1,"[83.57631339629953, 60.22542195441201]"
F122013,30,19,0.2,"[83.57631339629953, 116.20666401740164]"
F122013,30,19,0.3,"[83.57631339629953, 172.77736394805834]"
F122013,30,19,0.4,"[83.57631339629953, 232.11941881198436]"
F122013,30,19,0.5,"[83.57631339629953, 289.5943120252341]"
F122013,30,19,0.6,"[83.57631339629953, 346.7108975839801]"
F122013,30,19,0.7,"[83.57631339629953, 385.7001960752532]"
F122013,30,19,0.8,"[83.57631339629953, 437.86628691339865]"
F122013,30,19,0.9,"[83.57631339629953, 496.9314106772654]"
F122013,30,19,1.0,"[83.57631339629953, 554.9063411541283]"
F122013,30,20,0.01,"[137.76703129366996, 4.194926562719047]"
F122013,30,20,0.1,"[43.77816324737131, 54.760552742984146]"
F122013,30,20,0.2,"[43.77816324737131, 114.56087201461196]"
F122013,30,20,0.3,"[43.77816324737131, 175.41609131265432]"
F122013,30,20,0.4,"[43.77816324737131, 231.86909465678036]"
F122013,30,20,0.5,"[43.77816324737131, 287.1645416817628]"
F122013,30,20,0.6,"[43.77816324737131, 343.8051008586772]"
F122013,30,20,0.7,"[43.77816324737131, 403.62195386271924]"
F122013,30,20,0.8,"[43.77816324737131, 458.5248555969447]"
F122013,30,20,0.9,"[43.77816324737131, 508.92845926992595]"
F122013,30,20,1.0,"[43.77816324737131, 561.7456148006022]"
F122013,30,21,0.01,"[70.0077633474389, 6.130054617766291]"
F122013,30,21,0.1,"[50.74284637467173, 59.83459949772805]"
F122013,30,21,0.2,"[50.74284637467173, 119.61253041401505]"
F122013,30,21,0.3,"[50.74284637467173, 181.19531124876812]"
F122013,30,21,0.4,"[50.74284637467173, 239.23292756080627]"
F122013,30,21,0.5,"[50.74284637467173, 295.13181515503675]"
F122013,30,21,0.6,"[50.74284637467173, 352.01276298286393]"
F122013,30,21,0.7,"[50.74284637467173, 411.13026974676177]"
F122013,30,21,0.8,"[50.74284637467173, 467.6005291300826]"
F122013,30,21,0.9,"[50.74284637467173, 525.3751585260034]"
F122013,30,21,1.0,"[50.74284637467173, 571.259382460732]"
F122013,30,22,0.01,"[209.06222462964695, 2.888310173060745]"
F122013,30,22,0.1,"[29.848751561522477, 47.836265416350216]"
F122013,30,22,0.2,"[29.848751561522477, 105.77027177810669]"
F122013,30,22,0.3,"[29.848751561522477, 163.9812490590848]"
F122013,30,22,0.4,"[29.848751561522477, 223.06947382818907]"
F122013,30,22,0.5,"[29.848751561522477, 281.8680766490288]"
F122013,30,22,0.6,"[29.848751561522477, 335.0123061463237]"
F122013,30,22,0.7,"[29.848751561522477, 390.1855355282314]"
F122013,30,22,0.8,"[29.848751561522477, 446.71658719098195]"
F122013,30,22,0.9,"[29.848751561522477, 504.54505568603054]"
F122013,30,22,1.0,"[29.848751561522477, 561.2005932871252]"
F122013,30,23,0.01,"[205.1333827678041, 7.247688063886017]"
F122013,30,23,0.1,"[47.75790843035148, 62.1643982976675]"
F122013,30,23,0.2,"[47.75790843035145, 124.15778577374294]"
F122013,30,23,0.3,"[47.75790843035145, 187.55772431660444]"
F122013,30,23,0.4,"[47.75790843035145, 228.5488624079153]"
F122013,30,23,0.5,"[47.75790843035145, 290.2383731678128]"
F122013,30,23,0.6,"[47.75790843035145, 354.5691145416349]"
F122013,30,23,0.7,"[47.75790843035145, 415.6385924788192]"
F122013,30,23,0.8,"[47.75790843035145, 474.9100847407244]"
F122013,30,23,0.9,"[47.75790843035145, 536.7953138439916]"
F122013,30,23,1.0,"[47.75790843035145, 579.0406002197415]"
F122013,30,24,0.01,"[137.58217422776116, 7.77007961506024]"
F122013,30,24,0.1,"[49.74787215868304, 63.785689732059836]"
F122013,30,24,0.2,"[49.74787215868304, 125.14455580571666]"
F122013,30,24,0.3,"[49.74787215868304, 188.66987736197188]"
F122013,30,24,0.4,"[49.74787215868304, 247.89370222389698]"
F122013,30,24,0.5,"[49.74787215868304, 309.87534383684397]"
F122013,30,24,0.6,"[49.74787215868304, 374.9352919459343]"
F122013,30,24,0.7,"[49.74787215868304, 437.5227760928683]"
F122013,30,24,0.8,"[49.74787215868304, 496.70756011875346]"
F122013,30,24,0.9,"[49.74787215868304, 554.2203173828311]"
F122013,30,24,1.0,"[49.74787215868304, 580.8877709857188]"
F122013,30,25,0.01,"[190.004607991313, 6.220614331308752]"
F122013,30,25,0.1,"[50.742831215776334, 55.50671994313598]"
F122013,30,25,0.2,"[50.742831215776334, 113.06020840397105]"
F122013,30,25,0.3,"[50.742831215776334, 169.64912881841883]"
F122013,30,25,0.4,"[50.742831215776334, 227.51821948215365]"
F122013,30,25,0.5,"[50.742831215776334, 285.3774263490923]"
F122013,30,25,0.6,"[50.742831215776334, 345.61964283138514]"
F122013,30,25,0.7,"[50.742831215776334, 405.43729181215167]"
F122013,30,25,0.8,"[50.742831215776334, 466.5726257059723]"
F122013,30,25,0.9,"[50.742831215776334, 524.0774340233766]"
F122013,30,25,1.0,"[50.742831215776334, 572.075175925158]"
F122013,30,26,0.01,"[45.24960905276569, 7.344212367199361]"
F122013,30,26,0.1,"[40.79326587937703, 59.62177269300446]"
F122013,30,26,0.2,"[40.79326587937703, 118.23375379433855]"
F122013,30,26,0.3,"[40.79326587937703, 177.13698243536055]"
F122013,30,26,0.4,"[40.79326587937703, 237.41304021002725]"
F122013,30,26,0.5,"[40.79326587937703, 296.5740275699645]"
F122013,30,26,0.6,"[40.79326587937703, 355.06705900328234]"
F122013,30,26,0.7,"[40.79326587937703, 413.7759877652861]"
F122013,30,26,0.8,"[40.79326587937703, 472.3111488991417]"
F122013,30,26,0.9,"[40.79326587937703, 531.9536487879232]"
F122013,30,26,1.0,"[40.79326587937703, 575.3533158963546]"
F122013,30,27,0.01,"[243.40877734490292, 7.178729609120637]"
F122013,30,27,0.1,"[56.712595679412374, 56.093804989010096]"
F122013,30,27,0.2,"[56.712595679412374, 114.51886901911348]"
F122013,30,27,0.3,"[56.712595679412374, 171.91277036909014]"
F122013,30,27,0.4,"[56.712595679412374, 230.86578539106995]"
F122013,30,27,0.5,"[56.712595679412374, 288.3912819009274]"
F122013,30,27,0.6,"[56.712595679412374, 350.703826636076]"
F122013,30,27,0.7,"[56.712595679412374, 410.3347016349435]"
F122013,30,27,0.8,"[56.712595679412374, 468.89221136830747]"
F122013,30,27,0.9,"[56.712595679412374, 526.3590133991092]"
F122013,30,27,1.0,"[56.712595679412374, 572.3996393042617]"
F122013,30,28,0.01,"[208.25774567969577, 4.783535997848958]"
F122013,30,28,0.1,"[61.687304957304946, 59.206445266027]"
F122013,30,28,0.2,"[61.687304957304946, 118.47870659595355]"
F122013,30,28,0.3,"[61.687304957304946, 172.02332569286227]"
F122013,30,28,0.4,"[61.687304957304946, 232.30578866787255]"
F122013,30,28,0.5,"[61.687304957304946, 286.55377419292927]"
F122013,30,28,0.6,"[61.687304957304946, 334.6658520861529]"
F122013,30,28,0.7,"[61.687304957304946, 390.31122701196]"
F122013,30,28,0.8,"[61.687304957304946, 438.8469675690867]"
F122013,30,28,0.9,"[61.687304957304946, 498.7920104400255]"
F122013,30,28,1.0,"[61.687304957304946, 556.0409377100877]"
F122013,30,29,0.01,"[226.54475346299608, 3.8177353627979755]"
F122013,30,29,0.1,"[67.65704940712354, 48.67692925501615]"
F122013,30,29,0.2,"[67.65704940712354, 108.81498389272019]"
F122013,30,29,0.3,"[67.65704940712354, 169.10277986014262]"
F122013,30,29,0.4,"[67.65704940712354, 226.34382840711623]"
F122013,30,29,0.5,"[67.65704940712354, 281.18296459689736]"
F122013,30,29,0.6,"[67.65704940712354, 337.20409047883004]"
F122013,30,29,0.7,"[67.65704940712354, 390.9505921858363]"
F122013,30,29,0.8,"[67.65704940712354, 443.14278187416494]"
F122013,30,29,0.9,"[67.65704940712354, 503.2498594070785]"
F122013,30,29,1.0,"[67.65704940712354, 561.5034249229357]"
F122013,30,30,0.01,"[201.5236606634851, 3.530419875867665]"
F122013,30,30,0.1,"[37.80841898044969, 51.66094959480688]"
F122013,30,30,0.2,"[37.80841898044969, 107.05636055674404]"
F122013,30,30,0.3,"[37.80841898044969, 165.17553971195593]"
F122013,30,30,0.4,"[37.80841898044969, 222.1826198156923]"
F122013,30,30,0.5,"[37.80841898044969, 280.15035854978487]"
F122013,30,30,0.6,"[37.80841898044969, 339.12651768373325]"
F122013,30,30,0.7,"[37.80841898044969, 396.58359128888696]"
F122013,30,30,0.8,"[37.80841898044969, 452.7868001279421]"
F122013,30,30,0.9,"[37.80841898044969, 511.1901186709292]"
F122013,30,30,1.0,"[37.80841898044969, 566.4831859958358]"
F122013,30,31,0.01,"[147.67883553840133, 6.779584147967398]"
F122013,30,31,0.1,"[79.59652259917436, 49.51748609729111]"
F122013,30,31,0.2,"[79.59652259917436, 107.26496480125934]"
F122013,30,31,0.3,"[79.59652259917436, 166.2918799049221]"
F122013,30,31,0.4,"[79.59652259917436, 211.01581535907462]"
F122013,30,31,0.5,"[79.59652259917436, 276.6212778291665]"
F122013,30,31,0.6,"[79.59652259917436, 325.97952623013407]"
F122013,30,31,0.7,"[79.59652259917436, 372.1887284559198]"
F122013,30,31,0.8,"[79.59652259917436, 432.0071293772198]"
F122013,30,31,0.9,"[79.59652259917436, 491.77379498723894]"
F122013,30,31,1.0,"[79.59652259917436, 550.8380440971814]"
F122013,30,32,0.01,"[235.42989010186005, 5.720456121955067]"
F122013,30,32,0.1,"[46.762929176543736, 57.473316132090986]"
F122013,30,32,0.2,"[46.762929176543736, 107.13089541532099]"
F122013,30,32,0.3,"[46.762929176543736, 151.11932026222348]"
F122013,30,32,0.4,"[46.762929176543736, 208.97915966017172]"
F122013,30,32,0.5,"[46.762929176543736, 270.1254165642895]"
F122013,30,32,0.6,"[46.762929176543736, 323.20072689512745]"
F122013,30,32,0.7,"[46.762929176543736, 379.6921025561169]"
F122013,30,32,0.8,"[46.762929176543736, 440.32827103417367]"
F122013,30,32,0.9,"[46.762929176543736, 490.88601508317515]"
F122013,30,32,1.0,"[46.762929176543736, 546.301643898245]"
F122013,30,33,0.01,"[155.4123136376738, 3.9666280751116574]"
F122013,30,33,0.1,"[45.768076323738796, 56.894363386090845]"
F122013,30,33,0.2,"[45.768076323738796, 116.32075050007552]"
F122013,30,33,0.3,"[45.768076323738796, 172.37256612302735]"
F122013,30,33,0.4,"[45.768076323738796, 230.05793159408495]"
F122013,30,33,0.5,"[45.768076323738796, 290.2361201932654]"
F122013,30,33,0.6,"[45.768076323738796, 351.05683332588524]"
F122013,30,33,0.7,"[45.768076323738796, 388.3401177902706]"
F122013,30,33,0.8,"[45.768076323738796, 442.1113310442306]"
F122013,30,33,0.9,"[45.768076323738796, 504.76544683100656]"
F122013,30,33,1.0,"[45.768076323738796, 559.8778798012063]"
F122013,30,34,0.01,"[226.7224058184402, 5.643606306053698]"
F122013,30,34,0.1,"[66.66213578127824, 61.73153250012547]"
F122013,30,34,0.2,"[66.66213578127824, 120.7717646942474]"
F122013,30,34,0.3,"[66.66213578127824, 177.96383827226236]"
F122013,30,34,0.4,"[66.66213578127824, 239.386433896143]"
F122013,30,34,0.5,"[66.66213578127824, 291.15072700427845]"
F122013,30,34,0.6,"[66.66213578127824, 336.8357386752032]"
F122013,30,34,0.7,"[66.66213578127824, 388.88048821594566]"
F122013,30,34,0.8,"[66.66213578127824, 433.86661474825814]"
F122013,30,34,0.9,"[66.66213578127824, 494.51797226117924]"
F122013,30,34,1.0,"[66.66213578127824, 553.4326552399434]"
F122013,30,35,0.01,"[235.22912686251757, 6.124970499891788]"
F122013,30,35,0.1,"[49.747907514292876, 55.712414445821196]"
F122013,30,35,0.2,"[49.747907514292876, 114.82526774797589]"
F122013,30,35,0.3,"[49.747907514292876, 169.92149181617424]"
F122013,30,35,0.4,"[49.747907514292876, 229.60078527405858]"
F122013,30,35,0.5,"[49.747907514292876, 284.76817252486944]"
F122013,30,35,0.6,"[49.747907514292876, 321.2907783398405]"
F122013,30,35,0.7,"[49.747907514292876, 371.75313032977283]"
F122013,30,35,0.8,"[49.747907514292876, 431.23265332216397]"
F122013,30,35,0.9,"[49.747907514292876, 487.0643425141461]"
F122013,30,35,1.0,"[49.747907514292876, 543.8044172790833]"
F122013,30,36,0.01,"[207.60429556689323, 4.521888079121709]"
F122013,30,36,0.1,"[41.78820473975583, 51.333797777071595]"
F122013,30,36,0.2,"[41.78820473975583, 109.85860190307721]"
F122013,30,36,0.3,"[41.78820473975583, 169.35332318022847]"
F122013,30,36,0.4,"[41.78820473975583, 229.84803389990702]"
F122013,30,36,0.5,"[41.78820473975583, 277.53389080101624]"
F122013,30,36,0.6,"[41.78820473975583, 327.2024695831351]"
F122013,30,36,0.7,"[41.78820473975583, 387.1543462779373]"
F122013,30,36,0.8,"[41.78820473975583, 442.71235712524503]"
F122013,30,36,0.9,"[41.78820473975583, 501.00848833005875]"
F122013,30,36,1.0,"[41.78820473975583, 558.1282227551565]"
F122013,30,37,0.01,"[182.72094259461068, 3.3115539411082864]"
F122013,30,37,0.1,"[38.80335784082854, 56.07451955229044]"
F122013,30,37,0.2,"[38.80335784082854, 116.08488916000351]"
F122013,30,37,0.3,"[38.80335784082854, 174.47427289607003]"
F122013,30,37,0.4,"[38.80335784082854, 223.57350342394784]"
F122013,30,37,0.5,"[38.80335784082854, 280.6363854040392]"
F122013,30,37,0.6,"[38.80335784082854, 328.8054293929599]"
F122013,30,37,0.7,"[38.80335784082854, 383.2423824388534]"
F122013,30,37,0.8,"[38.80335784082854, 438.373897831887]"
F122013,30,37,0.9,"[38.80335784082854, 498.2267754902132]"
F122013,30,37,1.0,"[38.80335784082854, 547.3600233481266]"
F122013,30,38,0.01,"[218.67210268037053, 6.759091878775507]"
F122013,30,38,0.1,"[32.83362873280231, 57.783702516928315]"
F122013,30,38,0.2,"[32.83362873280231, 116.74134407378733]"
F122013,30,38,0.3,"[32.83362873280231, 178.39406983694062]"
F122013,30,38,0.4,"[32.83362873280231, 239.8488940820098]"
F122013,30,38,0.5,"[32.83362873280231, 300.3967816857621]"
F122013,30,38,0.6,"[32.83362873280231, 360.2171119907871]"
F122013,30,38,0.7,"[32.83362873280231, 421.41542114689946]"
F122013,30,38,0.8,"[32.83362873280231, 479.2565307901241]"
F122013,30,38,0.9,"[32.83362873280231, 539.661479447037]"
F122013,30,38,1.0,"[32.83362873280231, 578.7241746401414]"
F122013,30,39,0.01,"[226.72615701598733, 5.690750993788242]"
F122013,30,39,0.1,"[60.692386476537536, 56.53803064581007]"
F122013,30,39,0.2,"[60.692386476537536, 117.75073501979932]"
F122013,30,39,0.3,"[60.692386476537536, 172.75184760289267]"
F122013,30,39,0.4,"[60.692386476537536, 233.43356544384733]"
F122013,30,39,0.5,"[60.692386476537536, 292.8825855930336]"
F122013,30,39,0.6,"[60.692386476537536, 326.8114261399023]"
F122013,30,39,0.7,"[60.692386476537536, 381.2960976981558]"
F122013,30,39,0.8,"[60.692386476537536, 441.04985008900985]"
F122013,30,39,0.9,"[60.692386476537536, 499.56263568392023]"
F122013,30,39,1.0,"[60.692386476537536, 546.5966792120598]"
F122013,30,40,0.01,"[177.13738382986662, 5.497892901767045]"
F122013,30,40,0.1,"[33.89783682151227, 59.46671530092135]"
F122013,30,40,0.2,"[33.89783682151227, 119.94308471400291]"
F122013,30,40,0.3,"[33.89783682151227, 173.69905762700364]"
F122013,30,40,0.4,"[33.89783682151227, 227.41210572607815]"
F122013,30,40,0.5,"[33.89783682151227, 284.2118714838289]"
F122013,30,40,0.6,"[33.89783682151227, 327.92524524684995]"
F122013,30,40,0.7,"[33.89783682151227, 384.043699124828]"
F122013,30,40,0.8,"[33.89783682151227, 441.38799286074936]"
F122013,30,40,0.9,"[33.89783682151227, 501.9983074539341]"
F122013,30,40,1.0,"[33.89783682151227, 560.9855315010063]"
F122013,30,41,0.01,"[216.8207388059152, 7.370137487072498]"
F122013,30,41,0.1,"[42.78318399356357, 63.21801583701745]"
F122013,30,41,0.2,"[42.78318399356357, 127.83533773105592]"
F122013,30,41,0.3,"[42.78318399356357, 190.55659323604777]"
F122013,30,41,0.4,"[42.78318399356357, 235.15791017794982]"
F122013,30,41,0.5,"[42.78318399356357, 299.4830391188152]"
F122013,30,41,0.6,"[42.78318399356357, 367.0380361787975]"
F122013,30,41,0.7,"[42.78318399356357, 430.13407083414495]"
F122013,30,41,0.8,"[42.78318399356357, 491.9615614209324]"
F122013,30,41,0.9,"[42.78318399356357, 551.678955337964]"
F122013,30,41,1.0,"[42.78318399356357, 582.149254612159]"
F122013,30,42,0.01,"[55.81452035211342, 7.711592568084598]"
F122013,30,42,0.1,"[38.80336287864759, 57.82466075429693]"
F122013,30,42,0.2,"[38.80336287864759, 118.65789964515716]"
F122013,30,42,0.3,"[38.80336287864759, 181.60154453944415]"
F122013,30,42,0.4,"[38.80336287864759, 241.84887505928054]"
F122013,30,42,0.5,"[38.80336287864759, 301.50448174215853]"
F122013,30,42,0.6,"[38.80336287864759, 361.3684131153859]"
F122013,30,42,0.7,"[38.80336287864759, 422.9947858261876]"
F122013,30,42,0.8,"[38.80336287864759, 483.11502534523606]"
F122013,30,42,0.9,"[38.80336287864759, 542.4676653090864]"
F122013,30,42,1.0,"[38.80336287864759, 576.8225234951824]"
F122013,30,43,0.01,"[119.05738147432146, 7.339216921012849]"
F122013,30,43,0.1,"[55.71761138778555, 62.034371827729046]"
F122013,30,43,0.2,"[55.71761138778555, 122.62167716864496]"
F122013,30,43,0.3,"[55.71761138778555, 185.37107549700886]"
F122013,30,43,0.4,"[55.71761138778555, 236.2792589678429]"
F122013,30,43,0.5,"[55.71761138778555, 297.9813462398015]"
F122013,30,43,0.6,"[55.71761138778555, 358.7842769306153]"
F122013,30,43,0.7,"[55.71761138778555, 419.1502541489899]"
F122013,30,43,0.8,"[55.71761138778555, 478.6249923626892]"
F122013,30,43,0.9,"[55.71761138778555, 536.4127170918509]"
F122013,30,43,1.0,"[55.71761138778555, 576.3031834750436]"
F122013,30,44,0.01,"[235.82931220555673, 7.696213370189071]"
F122013,30,44,0.1,"[57.70746872893176, 65.64684972213581]"
F122013,30,44,0.2,"[57.70746872893176, 123.85839970596135]"
F122013,30,44,0.3,"[57.70746872893176, 185.20663127535954]"
F122013,30,44,0.4,"[57.70746872893176, 223.3105621151626]"
F122013,30,44,0.5,"[57.70746872893176, 280.6129620159045]"
F122013,30,44,0.6,"[57.70746872893176, 344.67560903402045]"
F122013,30,44,0.7,"[57.70746872893176, 406.0989821483381]"
F122013,30,44,0.8,"[57.70746872893176, 464.94465411501005]"
F122013,30,44,0.9,"[57.70746872893176, 525.94467330724]"
F122013,30,44,1.0,"[57.70746872893176, 575.1937752300873]"
F122013,30,45,0.01,"[149.40376397085046, 7.346469486132264]"
F122013,30,45,0.1,"[51.73772446201019, 60.555861006025225]"
F122013,30,45,0.2,"[51.73772446201019, 120.08450517104939]"
F122013,30,45,0.3,"[51.73772446201019, 180.9547430658713]"
F122013,30,45,0.4,"[51.73772446201019, 227.35354538820684]"
F122013,30,45,0.5,"[51.73772446201019, 285.1443261052482]"
F122013,30,45,0.6,"[51.73772446201019, 346.34805099805817]"
F122013,30,45,0.7,"[51.73772446201019, 406.03943750215694]"
F122013,30,45,0.8,"[51.73772446201019, 465.93704070383683]"
F122013,30,45,0.9,"[51.73772446201019, 527.4150152802467]"
F122013,30,45,1.0,"[51.73772446201019, 575.3579126931727]"
F122013,30,46,0.01,"[141.62538502733838, 7.744309422094375]"
F122013,30,46,0.1,"[44.773102107750105, 64.74358357395977]"
F122013,30,46,0.2,"[44.773102107750105, 125.9440136430785]"
F122013,30,46,0.3,"[44.773102107750105, 188.10109883220866]"
F122013,30,46,0.4,"[44.773102107750105, 244.52425741311163]"
F122013,30,46,0.5,"[44.773102107750105, 303.3855849360116]"
F122013,30,46,0.6,"[44.773102107750105, 366.45915765920654]"
F122013,30,46,0.7,"[44.773102107750105, 418.47392309922725]"
F122013,30,46,0.8,"[44.773102107750105, 481.04528067912906]"
F122013,30,46,0.9,"[44.773102107750105, 543.5116160702892]"
F122013,30,46,1.0,"[44.773102107750105, 580.8641296811402]"
F122013,30,47,0.01,"[234.5719367363468, 7.543249022215605]"
F122013,30,47,0.1,"[44.773102107750105, 63.50245436700061]"
F122013,30,47,0.2,"[44.773102107750105, 123.87890208698809]"
F122013,30,47,0.3,"[44.773102107750105, 186.88867996819317]"
F122013,30,47,0.4,"[44.773102107750105, 239.47880436526611]"
F122013,30,47,0.5,"[44.773102107750105, 302.66647529089823]"
F122013,30,47,0.6,"[44.773102107750105, 367.60144232120365]"
F122013,30,47,0.7,"[44.773102107750105, 429.96659701224416]"
F122013,30,47,0.8,"[44.773102107750105, 491.679490189068]"
F122013,30,47,0.9,"[44.773102107750105, 551.964884173125]"
F122013,30,47,1.0,"[44.773102107750105, 581.1596013531089]"
F122013,30,48,0.01,"[232.80484841400875, 6.03477347176522]"
F122013,30,48,0.1,"[51.73780039394592, 48.043666722718626]"
F122013,30,48,0.2,"[51.73780039394592, 59.535620347596705]"
F122013,30,48,0.3,"[51.73780039394592, 66.58274190779775]"
F122013,30,48,0.4,"[51.73780039394592, 73.61909871175885]"
F122013,30,48,0.5,"[51.73780039394592, 80.64076554495841]"
F122013,30,48,0.6,"[51.73780039394592, 87.66530986176804]"
F122013,30,48,0.7,"[51.73780039394592, 94.68739655381069]"
F122013,30,48,0.8,"[51.73780039394592, 101.70554056856781]"
F122013,30,48,0.9,"[51.73780039394592, 108.71802260400727]"
F122013,30,48,1.0,"[51.73780039394592, 115.72993905795738]"
F122013,30,49,0.01,"[203.17735448982583, 6.108466790989041]"
F122013,30,49,0.1,"[51.737810469584076, 40.267727949190885]"
F122013,30,49,0.2,"[51.737810469584076, 49.946298748254776]"
F122013,30,49,0.3,"[51.737810469584076, 56.96221228316426]"
F122013,30,49,0.4,"[51.737810469584076, 63.9804818588309]"
F122013,30,49,0.5,"[51.737810469584076, 70.99247523583472]"
F122013,30,49,0.6,"[51.737810469584076, 77.99689091788605]"
F122013,30,49,0.7,"[51.737810469584076, 84.99705487117171]"
F122013,30,49,0.8,"[51.737810469584076, 91.98996349610388]"
F122013,30,49,0.9,"[51.737810469584076, 98.97528259502724]"
F122013,30,49,1.0,"[51.737810469584076, 105.9643235518597]"
F122013,30,50,0.01,"[214.51685532922767, 5.693123914301395]"
F122013,30,50,0.1,"[61.68736069252623, 34.18410630431026]"
F122013,30,50,0.2,"[61.68736069252623, 42.53672514297068]"
F122013,30,50,0.3,"[61.68736069252623, 49.52288309112191]"
F122013,30,50,0.4,"[61.68736069252623, 56.49598788516596]"
F122013,30,50,0.5,"[61.68736069252623, 63.47697299532592]"
F122013,30,50,0.6,"[61.68736069252623, 70.45460532139987]"
F122013,30,50,0.7,"[61.68736069252623, 77.42982446216047]"
F122013,30,50,0.8,"[61.68736069252623, 84.39448533626273]"
F122013,30,50,0.9,"[61.68736069252623, 91.3581481273286]"
F122013,30,50,1.0,"[61.68736069252623, 98.36429528333247]"
F122013,50,0,0.01,"[90.20693692416799, 13.446655363310128]"
F122013,50,0,0.1,"[82.58150597474258, 169.94220841908827]"
F122013,50,0,0.2,"[82.58150597474258, 328.4687170740217]"
F122013,50,0,0.3,"[82.58150597474258, 501.14882988808677]"
F122013,50,0,0.4,"[82.58150597474258, 682.4711883240379]"
F122013,50,0,0.5,"[82.58150597474258, 859.9336795941927]"
F122013,50,0,0.6,"[82.58150597474258, 1035.6724673211575]"
F122013,50,0,0.7,"[82.58150597474258, 1203.4092598310672]"
F122013,50,0,0.8,"[82.58150597474258, 1360.264815764036]"
F122013,50,0,0.9,"[82.58150597474258, 1529.0297382841818]"
F122013,50,0,1.0,"[82.58150597474258, 1685.9222066001967]"
F122013,50,1,0.01,"[105.07442881955603, 13.359012029133737]"
F122013,50,1,0.1,"[91.53608701951512, 175.46055366797373]"
F122013,50,1,0.2,"[91.53608701951512, 334.5001697400585]"
F122013,50,1,0.3,"[91.53608701951512, 502.7056478112936]"
F122013,50,1,0.4,"[91.53608701951512, 678.567971965298]"
F122013,50,1,0.5,"[91.53608701951512, 847.2396541312337]"
F122013,50,1,0.6,"[91.53608701951512, 1004.4672338273376]"
F122013,50,1,0.7,"[91.53608701951512, 1173.1733094849624]"
F122013,50,1,0.8,"[91.53608701951512, 1342.9651769399643]"
F122013,50,1,0.9,"[91.53608701951512, 1517.8566670860164]"
F122013,50,1,1.0,"[91.53608701951512, 1679.6175983999856]"
F122013,50,2,0.01,"[421.2655679463263, 16.7077191141434]"
F122013,50,2,0.1,"[98.50073460830873, 169.09042007103562]"
F122013,50,2,0.2,"[98.50073460830873, 334.08027171203867]"
F122013,50,2,0.3,"[98.50073460830873, 513.1259470600635]"
F122013,50,2,0.4,"[98.50073460830873, 688.5714069581591]"
F122013,50,2,0.5,"[98.50073460830873, 867.3654562612064]"
F122013,50,2,0.6,"[98.50073460830873, 1031.0725663644262]"
F122013,50,2,0.7,"[98.50073460830873, 1209.5953193730675]"
F122013,50,2,0.8,"[98.50073460830873, 1359.8582331803627]"
F122013,50,2,0.9,"[98.50073460830873, 1536.4754284042865]"
F122013,50,2,1.0,"[98.50073460830873, 1695.962367348373]"
F122013,50,3,0.01,"[416.3827029543799, 18.65012511285022]"
F122013,50,3,0.1,"[66.66220140924071, 173.43586420454085]"
F122013,50,3,0.2,"[66.66220140924071, 346.2612740066834]"
F122013,50,3,0.3,"[66.66220140924071, 520.6752098719589]"
F122013,50,3,0.4,"[66.66220140924071, 686.2088149678893]"
F122013,50,3,0.5,"[66.66220140924071, 845.0465713967569]"
F122013,50,3,0.6,"[66.66220140924071, 1008.178543811664]"
F122013,50,3,0.7,"[66.66220140924071, 1172.4234411106445]"
F122013,50,3,0.8,"[66.66220140924071, 1335.99824923696]"
F122013,50,3,0.9,"[66.66220140924071, 1501.40195608465]"
F122013,50,3,1.0,"[66.66220140924071, 1661.1081122159958]"
F122013,50,4,0.01,"[156.73635665695087, 18.072191880084574]"
F122013,50,4,0.1,"[79.5966186823864, 166.1437303489074]"
F122013,50,4,0.2,"[79.5966186823864, 322.01687397807837]"
F122013,50,4,0.3,"[79.5966186823864, 485.61700942600146]"
F122013,50,4,0.4,"[79.5966186823864, 636.3336710440926]"
F122013,50,4,0.5,"[79.5966186823864, 810.4843761660159]"
F122013,50,4,0.6,"[79.59661868238638, 984.1091600460932]"
F122013,50,4,0.7,"[79.59661868238638, 1129.627165056765]"
F122013,50,4,0.8,"[79.59661868238638, 1298.0270451079123]"
F122013,50,4,0.9,"[79.59661868238638, 1456.9836331969127]"
F122013,50,4,1.0,"[79.59661868238638, 1623.6357884597965]"
F122013,50,5,0.01,"[199.21692560811724, 17.209093714598566]"
F122013,50,5,0.1,"[103.47554019774847, 172.4730393346399]"
F122013,50,5,0.2,"[103.47554019774847, 335.0736177316867]"
F122013,50,5,0.3,"[103.47554019774847, 514.8655352978967]"
F122013,50,5,0.4,"[103.47554019774847, 691.9915942498483]"
F122013,50,5,0.5,"[103.47554019774847, 865.9637198457494]"
F122013,50,5,0.6,"[103.47554019774847, 1041.4587327907793]"
F122013,50,5,0.7,"[103.47554019774847, 1214.6312043517828]"
F122013,50,5,0.8,"[103.47554019774847, 1391.1990052307956]"
F122013,50,5,0.9,"[103.47554019774847, 1558.6847927826457]"
F122013,50,5,1.0,"[103.47554019774847, 1697.428267200943]"
F122013,50,6,0.01,"[235.67802593868666, 14.38672256981954]"
F122013,50,6,0.1,"[86.56129677186775, 164.4057136126794]"
F122013,50,6,0.2,"[86.56129677186775, 307.71043094061315]"
F122013,50,6,0.3,"[86.56129677186775, 486.2592869256623]"
F122013,50,6,0.4,"[86.56129677186775, 664.7170783258043]"
F122013,50,6,0.5,"[86.56129677186775, 843.2558677806519]"
F122013,50,6,0.6,"[86.56129677186775, 1008.0343634109013]"
F122013,50,6,0.7,"[86.56129677186775, 1187.2469735196792]"
F122013,50,6,0.8,"[86.56129677186775, 1346.6325958659872]"
F122013,50,6,0.9,"[86.56129677186775, 1518.7025407366455]"
F122013,50,6,1.0,"[86.56129677186775, 1686.3286805357784]"
F122013,50,7,0.01,"[382.120182153058, 18.646442723926157]"
F122013,50,7,0.1,"[86.5613220064013, 174.02706564264372]"
F122013,50,7,0.2,"[86.5613220064013, 346.53196012601256]"
F122013,50,7,0.3,"[86.5613220064013, 515.3093554279767]"
F122013,50,7,0.4,"[86.5613220064013, 680.0343754719943]"
F122013,50,7,0.5,"[86.5613220064013, 840.2807689369656]"
F122013,50,7,0.6,"[86.5613220064013, 1004.0217392547056]"
F122013,50,7,0.7,"[86.5613220064013, 1166.9621076290496]"
F122013,50,7,0.8,"[86.5613220064013, 1330.4599048248492]"
F122013,50,7,0.9,"[86.5613220064013, 1492.7123909448273]"
F122013,50,7,1.0,"[86.5613220064013, 1652.3237197129056]"
F122013,50,8,0.01,"[394.10883900244255, 18.616346444934607]"
F122013,50,8,0.1,"[99.49551601367139, 175.91863636206836]"
F122013,50,8,0.2,"[99.49551601367139, 345.12734397221357]"
F122013,50,8,0.3,"[99.49551601367139, 505.1109200953506]"
F122013,50,8,0.4,"[99.49551601367139, 682.7295651882887]"
F122013,50,8,0.5,"[99.49551601367139, 859.4985176720656]"
F122013,50,8,0.6,"[99.49551601367139, 1031.945336993318]"
F122013,50,8,0.7,"[99.49551601367139, 1192.2476398642175]"
F122013,50,8,0.8,"[99.49551601367139, 1363.0385017031804]"
F122013,50,8,0.9,"[99.49551601367139, 1540.0873180362396]"
F122013,50,8,1.0,"[99.49551601367139, 1684.4335379302502]"
F122013,50,9,0.01,"[427.3660233939472, 17.543972542043775]"
F122013,50,9,0.1,"[103.47554523556758, 166.95480545517057]"
F122013,50,9,0.2,"[103.47554523556758, 341.13814317807555]"
F122013,50,9,0.3,"[103.47554523556758, 517.9458028660156]"
F122013,50,9,0.4,"[103.47554523556758, 696.6788345579989]"
F122013,50,9,0.5,"[103.47554523556758, 867.056233192794]"
F122013,50,9,0.6,"[103.47554523556758, 1038.0061581050977]"
F122013,50,9,0.7,"[103.47554523556758, 1215.6965118669905]"
F122013,50,9,0.8,"[103.47554523556758, 1371.8696132497862]"
F122013,50,9,0.9,"[103.47554523556758, 1554.3695345357992]"
F122013,50,9,1.0,"[103.47554523556758, 1698.563149746973]"
F122013,50,10,0.01,"[164.71173616901854, 14.57354204915464]"
F122013,50,10,0.1,"[128.34946620145183, 138.87445855792612]"
F122013,50,10,0.2,"[128.34946620145183, 306.4726935662329]"
F122013,50,10,0.3,"[128.34946620145183, 486.3614994538948]"
F122013,50,10,0.4,"[128.34946620145183, 667.3241999251768]"
F122013,50,10,0.5,"[128.34946620145183, 848.3473536642268]"
F122013,50,10,0.6,"[128.34946620145183, 985.6563852350228]"
F122013,50,10,0.7,"[128.34946620145183, 1169.1218436891213]"
F122013,50,10,0.8,"[128.34946620145183, 1322.8212894150056]"
F122013,50,10,0.9,"[128.34946620145183, 1498.094112795312]"
F122013,50,10,1.0,"[128.34946620145183, 1674.520697614178]"
F122013,50,11,0.01,"[187.1252408871419, 18.04532688204199]"
F122013,50,11,0.1,"[113.42508533743342, 177.28457955969498]"
F122013,50,11,0.2,"[113.42508533743342, 337.7026491458528]"
F122013,50,11,0.3,"[113.42508533743342, 492.1970575689338]"
F122013,50,11,0.4,"[113.42508533743342, 667.6405125726014]"
F122013,50,11,0.5,"[113.42508533743342, 835.4576969477348]"
F122013,50,11,0.6,"[113.42508533743339, 1011.8935118946247]"
F122013,50,11,0.7,"[113.42508533743339, 1184.1810259018093]"
F122013,50,11,0.8,"[113.42508533743339, 1353.8808627976105]"
F122013,50,11,0.9,"[113.42508533743339, 1517.481715054717]"
F122013,50,11,1.0,"[113.42508533743339, 1679.742257956881]"
F122013,50,12,0.01,"[106.74736815981618, 16.213772339280695]"
F122013,50,12,0.1,"[82.58151101256166, 168.25261672819033]"
F122013,50,12,0.2,"[82.58151101256166, 331.37890856713057]"
F122013,50,12,0.3,"[82.58151101256166, 496.93370932200924]"
F122013,50,12,0.4,"[82.58151101256166, 670.3332684212364]"
F122013,50,12,0.5,"[82.58151101256166, 843.8836008212529]"
F122013,50,12,0.6,"[82.58151101256166, 1019.7093865908682]"
F122013,50,12,0.7,"[82.58151101256166, 1188.3175405398943]"
F122013,50,12,0.8,"[82.58151101256166, 1361.2354878992774]"
F122013,50,12,0.9,"[82.58151101256166, 1514.374535112176]"
F122013,50,12,1.0,"[82.58151101256166, 1678.0980338631198]"
F122013,50,13,0.01,"[426.39350479022403, 12.566971917636693]"
F122013,50,13,0.1,"[99.49566843086848, 174.429914730601]"
F122013,50,13,0.2,"[99.49566843086848, 352.2383101535961]"
F122013,50,13,0.3,"[99.49566843086848, 535.6738845347427]"
F122013,50,13,0.4,"[99.49566843086848, 718.245861729607]"
F122013,50,13,0.5,"[99.49566843086848, 898.9292808496393]"
F122013,50,13,0.6,"[99.49566843086848, 1085.0056789559312]"
F122013,50,13,0.7,"[99.49566843086848, 1259.4615577235818]"
F122013,50,13,0.8,"[99.49566843086848, 1429.4265635367483]"
F122013,50,13,0.9,"[99.49566843086848, 1615.9526915559545]"
F122013,50,13,1.0,"[99.49566843086848, 1708.3922553728335]"
F122013,50,14,0.01,"[141.06632117849676, 2.267393139656633]"
F122013,50,14,0.1,"[107.45541681955055, 146.65224505309016]"
F122013,50,14,0.2,"[107.45541681955055, 304.07961427792907]"
F122013,50,14,0.3,"[107.45541681955055, 485.0195530396886]"
F122013,50,14,0.4,"[107.45541681955055, 671.0686686607078]"
F122013,50,14,0.5,"[107.45541681955055, 855.8765083057806]"
F122013,50,14,0.6,"[107.45541681955055, 1020.8773902850226]"
F122013,50,14,0.7,"[107.45541681955055, 1203.9044679426588]"
F122013,50,14,0.8,"[107.45541681955055, 1378.3441684446298]"
F122013,50,14,0.9,"[107.45541681955055, 1560.2268842780031]"
F122013,50,14,1.0,"[107.45541681955055, 1701.9272153568454]"
F122013,50,15,0.01,"[149.97509113607362, 18.12984225805849]"
F122013,50,15,0.1,"[72.63191535837154, 183.45800844114274]"
F122013,50,15,0.2,"[72.63191535837151, 361.5373702859506]"
F122013,50,15,0.3,"[72.63191535837151, 538.2218573549762]"
F122013,50,15,0.4,"[72.63191535837151, 714.2607630421408]"
F122013,50,15,0.5,"[72.63191535837151, 890.1723375888541]"
F122013,50,15,0.6,"[72.63191535837151, 1063.001216250006]"
F122013,50,15,0.7,"[72.63191535837151, 1238.2729435567744]"
F122013,50,15,0.8,"[72.63191535837151, 1412.478136378806]"
F122013,50,15,0.9,"[72.63191535837151, 1587.6341902348213]"
F122013,50,15,1.0,"[72.63191535837151, 1700.0042530181818]"
F122013,50,16,0.01,"[401.72332196390533, 15.338080995250493]"
F122013,50,16,0.1,"[83.57641960058788, 177.462094404269]"
F122013,50,16,0.2,"[83.57641960058788, 359.03125952230766]"
F122013,50,16,0.3,"[83.57641960058788, 544.4279888481833]"
F122013,50,16,0.4,"[83.57641960058788, 729.9381478903815]"
F122013,50,16,0.5,"[83.57641960058788, 912.8201910322532]"
F122013,50,16,0.6,"[83.57641960058788, 1099.5038095093332]"
F122013,50,16,0.7,"[83.57641960058788, 1282.0643382901326]"
F122013,50,16,0.8,"[83.57641960058788, 1458.741222707089]"
F122013,50,16,0.9,"[83.57641960058788, 1643.1933340551332]"
F122013,50,16,1.0,"[83.57641960058788, 1710.3479670081288]"
F122013,50,17,0.01,"[122.57548778887943, 18.25585127621889]"
F122013,50,17,0.1,"[101.48565743917172, 175.50209927884862]"
F122013,50,17,0.2,"[101.48565743917172, 351.7166655040346]"
F122013,50,17,0.3,"[101.48565743917172, 521.3912944230251]"
F122013,50,17,0.4,"[101.48565743917172, 688.1522792922333]"
F122013,50,17,0.5,"[101.48565743917172, 848.2498648921028]"
F122013,50,17,0.6,"[101.48565743917172, 1014.7847299980931]"
F122013,50,17,0.7,"[101.48565743917172, 1179.9960061418824]"
F122013,50,17,0.8,"[101.48565743917172, 1345.592204602901]"
F122013,50,17,0.9,"[101.48565743917172, 1506.951510998886]"
F122013,50,17,1.0,"[101.48565743917172, 1663.6174300271086]"
F122013,50,18,0.01,"[273.4662940256137, 15.430116720031947]"
F122013,50,18,0.1,"[108.4501836647816, 180.3039037482813]"
F122013,50,18,0.2,"[108.4501836647816, 343.7567579471506]"
F122013,50,18,0.3,"[108.4501836647816, 522.7815072429366]"
F122013,50,18,0.4,"[108.4501836647816, 703.8369716731831]"
F122013,50,18,0.5,"[108.4501836647816, 881.804327365011]"
F122013,50,18,0.6,"[108.4501836647816, 1058.3877877653576]"
F122013,50,18,0.7,"[108.4501836647816, 1236.2556163463742]"
F122013,50,18,0.8,"[108.4501836647816, 1416.6956901750527]"
F122013,50,18,0.9,"[108.4501836647816, 1580.4616452353075]"
F122013,50,18,1.0,"[108.4501836647816, 1701.7457346729934]"
F122013,50,19,0.01,"[459.4963765616253, 17.125812546350062]"
F122013,50,19,0.1,"[121.38579245702223, 175.97797033702955]"
F122013,50,19,0.2,"[121.38579245702223, 346.4526629312895]"
F122013,50,19,0.3,"[121.38579245702223, 514.157653500326]"
F122013,50,19,0.4,"[121.38579245702223, 686.2675751550123]"
F122013,50,19,0.5,"[121.38579245702223, 839.5664454870857]"
F122013,50,19,0.6,"[121.38579245702223, 1014.8611881490797]"
F122013,50,19,0.7,"[121.38579245702223, 1180.1069839792326]"
F122013,50,19,0.8,"[121.38579245702223, 1352.725455425214]"
F122013,50,19,0.9,"[121.38579245702223, 1509.6964649511501]"
F122013,50,19,1.0,"[121.38579245702223, 1664.82763196202]"
F122013,50,20,0.01,"[106.82395703540024, 6.310018951073289]"
F122013,50,20,0.1,"[83.57642463840699, 144.3599783871323]"
F122013,50,20,0.2,"[83.57642463840696, 301.08672432322055]"
F122013,50,20,0.3,"[83.57642463840696, 479.7923158919439]"
F122013,50,20,0.4,"[83.57642463840696, 623.9946788200177]"
F122013,50,20,0.5,"[83.57642463840696, 795.2447212319821]"
F122013,50,20,0.6,"[83.57642463840696, 973.6551999910735]"
F122013,50,20,0.7,"[83.57642463840696, 1155.5867087622173]"
F122013,50,20,0.8,"[83.57642463840696, 1337.1224161349237]"
F122013,50,20,0.9,"[83.57642463840696, 1488.2402228121646]"
F122013,50,20,1.0,"[83.57642463840696, 1656.180386008229]"
F122013,50,21,0.01,"[427.6911393901818, 18.70590070169419]"
F122013,50,21,0.1,"[108.45033548321496, 171.49870752496645]"
F122013,50,21,0.2,"[108.45033548321496, 328.60137436678633]"
F122013,50,21,0.3,"[108.45033548321496, 494.9318306008354]"
F122013,50,21,0.4,"[108.45033548321496, 655.7516797515564]"
F122013,50,21,0.5,"[108.45033548321496, 823.7223761258647]"
F122013,50,21,0.6,"[108.45033548321496, 998.3467955025844]"
F122013,50,21,0.7,"[108.45033548321496, 1164.8889392325655]"
F122013,50,21,0.8,"[108.45033548321496, 1327.2747296886519]"
F122013,50,21,0.9,"[108.45033548321496, 1485.2589641297236]"
F122013,50,21,1.0,"[108.45033548321496, 1652.2493266100064]"
F122013,50,22,0.01,"[274.00970882088393, 19.296942661050707]"
F122013,50,22,0.1,"[102.4805809577582, 180.10158982127905]"
F122013,50,22,0.2,"[102.4805809577582, 357.31434146128595]"
F122013,50,22,0.3,"[102.4805809577582, 527.9598809774034]"
F122013,50,22,0.4,"[102.4805809577582, 689.6168120531365]"
F122013,50,22,0.5,"[102.4805809577582, 856.6857273341157]"
F122013,50,22,0.6,"[102.4805809577582, 1019.4892211090773]"
F122013,50,22,0.7,"[102.4805809577582, 1182.144742468372]"
F122013,50,22,0.8,"[102.4805809577582, 1345.7012185431086]"
F122013,50,22,0.9,"[102.4805809577582, 1506.7017950220034]"
F122013,50,22,1.0,"[102.4805809577582, 1664.020310366992]"
F122013,50,23,0.01,"[183.9305994712872, 17.539179102052003]"
F122013,50,23,0.1,"[100.490723616612, 174.39803790207952]"
F122013,50,23,0.2,"[100.490723616612, 349.8838933049701]"
F122013,50,23,0.3,"[100.490723616612, 527.2464127787389]"
F122013,50,23,0.4,"[100.49072361661197, 707.5012242649682]"
F122013,50,23,0.5,"[100.49072361661197, 872.6977204410359]"
F122013,50,23,0.6,"[100.49072361661197, 1051.0363325737417]"
F122013,50,23,0.7,"[100.49072361661197, 1223.543544139713]"
F122013,50,23,0.8,"[100.49072361661197, 1407.6090249447152]"
F122013,50,23,0.9,"[100.49072361661197, 1573.5600825836882]"
F122013,50,23,1.0,"[100.49072361661197, 1699.8091255659238]"
F122013,50,24,0.01,"[417.1410760108481, 13.55313965305686]"
F122013,50,24,0.1,"[75.61678749183233, 173.63067973032594]"
F122013,50,24,0.2,"[75.61678749183233, 332.97134138504043]"
F122013,50,24,0.3,"[75.61678749183233, 502.7596742804162]"
F122013,50,24,0.4,"[75.61678749183233, 683.824563564267]"
F122013,50,24,0.5,"[75.61678749183233, 862.3124536303803]"
F122013,50,24,0.6,"[75.61678749183233, 1035.6892986670136]"
F122013,50,24,0.7,"[75.61678749183233, 1206.6295706103556]"
F122013,50,24,0.8,"[75.61678749183233, 1382.8087951531634]"
F122013,50,24,0.9,"[75.61678749183233, 1562.036758184433]"
F122013,50,24,1.0,"[75.61678749183233, 1695.3530483511277]"
F122013,50,25,0.01,"[249.2498918277784, 17.63166961679235]"
F122013,50,25,0.1,"[99.49574436280423, 166.22812979388982]"
F122013,50,25,0.2,"[99.49574436280423, 334.4284440847114]"
F122013,50,25,0.3,"[99.49574436280423, 498.2838649749756]"
F122013,50,25,0.4,"[99.49574436280423, 664.4173801168799]"
F122013,50,25,0.5,"[99.49574436280423, 827.2466192180291]"
F122013,50,25,0.6,"[99.49574436280423, 986.5825752676465]"
F122013,50,25,0.7,"[99.49574436280423, 1155.7702160659246]"
F122013,50,25,0.8,"[99.49574436280423, 1325.3171588066034]"
F122013,50,25,0.9,"[99.49574436280423, 1497.9927648189478]"
F122013,50,25,1.0,"[99.49574436280423, 1659.439693022985]"
F122013,50,26,0.01,"[213.51866259145152, 16.95289393607527]"
F122013,50,26,0.1,"[131.33430801712188, 169.41734747216105]"
F122013,50,26,0.2,"[131.33430801712188, 324.21725620888174]"
F122013,50,26,0.3,"[131.33430801712188, 474.17767273215577]"
F122013,50,26,0.4,"[131.33430801712188, 644.0168423349969]"
F122013,50,26,0.5,"[131.33430801712188, 812.2082451069728]"
F122013,50,26,0.6,"[131.33430801712188, 976.5009110700339]"
F122013,50,26,0.7,"[131.33430801712188, 1137.891432855744]"
F122013,50,26,0.8,"[131.33430801712188, 1314.5520862839185]"
F122013,50,26,0.9,"[131.33430801712188, 1486.5199002851732]"
F122013,50,26,1.0,"[131.33430801712188, 1661.3818792691454]"
F122013,50,27,0.01,"[147.45220164951192, 16.894293759949505]"
F122013,50,27,0.1,"[107.45537138830258, 177.55046926997602]"
F122013,50,27,0.2,"[107.45537138830258, 351.0266524767503]"
F122013,50,27,0.3,"[107.45537138830258, 528.573137531057]"
F122013,50,27,0.4,"[107.45537138830258, 709.2250480097719]"
F122013,50,27,0.5,"[107.45537138830258, 887.6534888176247]"
F122013,50,27,0.6,"[107.45537138830258, 1065.9857649747282]"
F122013,50,27,0.7,"[107.45537138830255, 1245.635098956991]"
F122013,50,27,0.8,"[107.45537138830255, 1394.2366722086444]"
F122013,50,27,0.9,"[107.45537138830255, 1576.229073818773]"
F122013,50,27,1.0,"[107.45537138830255, 1701.5897128488868]"
F122013,50,28,0.01,"[156.49525056178945, 16.66611493891105]"
F122013,50,28,0.1,"[139.2938380402886, 178.9875031011179]"
F122013,50,28,0.2,"[139.2938380402886, 356.29511836124584]"
F122013,50,28,0.3,"[139.2938380402886, 539.5712053491734]"
F122013,50,28,0.4,"[139.2938380402886, 718.7639345759526]"
F122013,50,28,0.5,"[139.2938380402886, 900.6717854160815]"
F122013,50,28,0.6,"[139.2938380402886, 1084.4857194521464]"
F122013,50,28,0.7,"[139.2938380402886, 1272.703555967193]"
F122013,50,28,0.8,"[139.2938380402886, 1444.208116305992]"
F122013,50,28,0.9,"[139.2938380402886, 1633.8237199140713]"
F122013,50,28,1.0,"[139.2938380402886, 1709.2340740510263]"
F122013,50,29,0.01,"[290.3066111840318, 19.253520846366882]"
F122013,50,29,0.1,"[66.66218625034531, 143.14993265736848]"
F122013,50,29,0.2,"[66.66218625034531, 302.551162738353]"
F122013,50,29,0.3,"[66.66218625034531, 480.4962292932905]"
F122013,50,29,0.4,"[66.66218625034531, 659.0638055312447]"
F122013,50,29,0.5,"[66.66218625034531, 844.5202592303976]"
F122013,50,29,0.6,"[66.66218625034531, 1016.0426343721338]"
F122013,50,29,0.7,"[66.66218625034531, 1195.9801774183288]"
F122013,50,29,0.8,"[66.66218625034531, 1358.2923184344545]"
F122013,50,29,0.9,"[66.66218625034531, 1537.3280647373758]"
F122013,50,29,1.0,"[66.66218625034531, 1695.4787703100592]"
F122013,50,30,0.01,"[117.26774938111407, 12.78939086990431]"
F122013,50,30,0.1,"[93.52594436066136, 163.36192824225873]"
F122013,50,30,0.2,"[93.52594436066136, 321.4670257191174]"
F122013,50,30,0.3,"[93.52594436066136, 482.2249135603197]"
F122013,50,30,0.4,"[93.52594436066136, 655.1831050561741]"
F122013,50,30,0.5,"[93.52594436066136, 829.2074858630076]"
F122013,50,30,0.6,"[93.52594436066136, 1007.6603573020548]"
F122013,50,30,0.7,"[93.52594436066136, 1176.4303032411262]"
F122013,50,30,0.8,"[93.52594436066136, 1341.446431437973]"
F122013,50,30,0.9,"[93.52594436066136, 1515.4914730009623]"
F122013,50,30,1.0,"[93.52594436066136, 1668.9078275971115]"
F122013,50,31,0.01,"[302.5324317548393, 15.903969008941203]"
F122013,50,31,0.1,"[68.6520740921793, 176.62154173199087]"
F122013,50,31,0.2,"[68.6520740921793, 340.1125750988722]"
F122013,50,31,0.3,"[68.6520740921793, 505.771275985986]"
F122013,50,31,0.4,"[68.6520740921793, 690.0954272677191]"
F122013,50,31,0.5,"[68.6520740921793, 877.2936122911051]"
F122013,50,31,0.6,"[68.6520740921793, 1058.1130240797065]"
F122013,50,31,0.7,"[68.6520740921793, 1240.666809679009]"
F122013,50,31,0.8,"[68.6520740921793, 1404.625627700705]"
F122013,50,31,0.9,"[68.6520740921793, 1587.2903348067775]"
F122013,50,31,1.0,"[68.6520740921793, 1703.6140853939578]"
F122013,50,32,0.01,"[213.37873682332395, 16.069016302004457]"
F122013,50,32,0.1,"[116.40991185674923, 170.5229712300934]"
F122013,50,32,0.2,"[116.4099118567492, 325.61472844332457]"
F122013,50,32,0.3,"[116.4099118567492, 481.2369884774089]"
F122013,50,32,0.4,"[116.4099118567492, 652.4083008849993]"
F122013,50,32,0.5,"[116.4099118567492, 821.2508297953755]"
F122013,50,32,0.6,"[116.4099118567492, 995.3023611260578]"
F122013,50,32,0.7,"[116.4099118567492, 1139.3305948791094]"
F122013,50,32,0.8,"[116.4099118567492, 1316.881340346299]"
F122013,50,32,0.9,"[116.4099118567492, 1486.732673545368]"
F122013,50,32,1.0,"[116.4099118567492, 1659.0994534911588]"
F122013,50,33,0.01,"[431.51209510139057, 18.794986018911004]"
F122013,50,33,0.1,"[128.34942058730684, 178.27073615090922]"
F122013,50,33,0.2,"[128.34942058730684, 351.3911760188639]"
F122013,50,33,0.3,"[128.34942058730684, 524.50835318584]"
F122013,50,33,0.4,"[128.34942058730684, 687.461738997139]"
F122013,50,33,0.5,"[128.34942058730684, 851.281418627128]"
F122013,50,33,0.6,"[128.34942058730684, 1014.5554858976975]"
F122013,50,33,0.7,"[128.34942058730684, 1177.8367141219787]"
F122013,50,33,0.8,"[128.34942058730684, 1342.242757071741]"
F122013,50,33,0.9,"[128.34942058730684, 1501.9161883438937]"
F122013,50,33,1.0,"[128.34942058730684, 1661.1541483011097]"
F122013,50,34,0.01,"[203.37911091862716, 18.687239520717412]"
F122013,50,34,0.1,"[74.62180823802456, 178.61826519900933]"
F122013,50,34,0.2,"[74.62180823802456, 345.146535969805]"
F122013,50,34,0.3,"[74.62180823802456, 502.9776178407483]"
F122013,50,34,0.4,"[74.62180823802456, 674.1411835197359]"
F122013,50,34,0.5,"[74.62180823802456, 839.0620637368411]"
F122013,50,34,0.6,"[74.62180823802456, 1006.9584264620207]"
F122013,50,34,0.7,"[74.62180823802456, 1185.7906196308322]"
F122013,50,34,0.8,"[74.62180823802456, 1360.4240680537187]"
F122013,50,34,0.9,"[74.62180823802456, 1537.1676776451059]"
F122013,50,34,1.0,"[74.62180823802456, 1691.9023177698255]"
F122013,50,35,0.01,"[172.0703654363883, 14.931767273228616]"
F122013,50,35,0.1,"[67.65714026961953, 161.4369638171047]"
F122013,50,35,0.2,"[67.65714026961953, 327.5450751888566]"
F122013,50,35,0.3,"[67.65714026961953, 456.1211289060302]"
F122013,50,35,0.4,"[67.65714026961953, 620.820227575954]"
F122013,50,35,0.5,"[67.65714026961953, 792.7026116489433]"
F122013,50,35,0.6,"[67.65714026961953, 971.0415486749262]"
F122013,50,35,0.7,"[67.65714026961953, 1140.2152331359684]"
F122013,50,35,0.8,"[67.65714026961953, 1316.9578112792224]"
F122013,50,35,0.9,"[67.65714026961953, 1471.8119636042975]"
F122013,50,35,1.0,"[67.65714026961953, 1629.0782544119284]"
F122013,50,36,0.01,"[194.48394696662766, 16.299540616106242]"
F122013,50,36,0.1,"[116.41000798539943, 170.93307575024664]"
F122013,50,36,0.2,"[116.41000798539943, 327.5917532402091]"
F122013,50,36,0.3,"[116.41000798539943, 495.14967081928626]"
F122013,50,36,0.4,"[116.41000798539943, 668.1954582482576]"
F122013,50,36,0.5,"[116.41000798539943, 836.69306577323]"
F122013,50,36,0.6,"[116.41000798539943, 1005.7343127513304]"
F122013,50,36,0.7,"[116.41000798539943, 1159.994366856292]"
F122013,50,36,0.8,"[116.41000798539943, 1333.832136316225]"
F122013,50,36,0.9,"[116.41000798539943, 1492.5075175273232]"
F122013,50,36,1.0,"[116.41000798539943, 1663.755411063321]"
F122013,50,37,0.01,"[433.1038131922715, 19.923518321942538]"
F122013,50,37,0.1,"[78.60165458747403, 178.93975912686437]"
F122013,50,37,0.2,"[78.60165458747403, 351.08427840890363]"
F122013,50,37,0.3,"[78.60165458747403, 526.0021159439348]"
F122013,50,37,0.4,"[78.60165458747403, 691.2380741592497]"
F122013,50,37,0.5,"[78.60165458747403, 853.7762810820714]"
F122013,50,37,0.6,"[78.60165458747403, 1018.823100795038]"
F122013,50,37,0.7,"[78.60165458747403, 1183.3821575129405]"
F122013,50,37,0.8,"[78.60165458747403, 1345.1887105549686]"
F122013,50,37,0.9,"[78.60165458747403, 1501.281124433037]"
F122013,50,37,1.0,"[78.60165458747403, 1659.9410702679306]"
F122013,50,38,0.01,"[430.5766137290409, 16.62822629697621]"
F122013,50,38,0.1,"[78.60167982200758, 164.5357555327937]"
F122013,50,38,0.2,"[78.60167982200758, 331.67173481779173]"
F122013,50,38,0.3,"[78.60167982200758, 500.4104396319017]"
F122013,50,38,0.4,"[78.60167982200758, 671.4959386908449]"
F122013,50,38,0.5,"[78.60167982200758, 837.0259461109526]"
F122013,50,38,0.6,"[78.60167982200758, 1010.5683838296682]"
F122013,50,38,0.7,"[78.60167982200758, 1179.6158925076015]"
F122013,50,38,0.8,"[78.60167982200758, 1351.354026301764]"
F122013,50,38,0.9,"[78.60167982200758, 1516.1195357795805]"
F122013,50,38,1.0,"[78.60167982200758, 1677.9414264969528]"
F122013,50,39,0.01,"[403.3338004676215, 19.30979545088485]"
F122013,50,39,0.1,"[80.59150689080121, 175.934506746009]"
F122013,50,39,0.2,"[80.59150689080121, 345.7732437509112]"
F122013,50,39,0.3,"[80.59150689080121, 514.9383815620095]"
F122013,50,39,0.4,"[80.59150689080121, 678.189730825834]"
F122013,50,39,0.5,"[80.59150689080121, 842.5201862598769]"
F122013,50,39,0.6,"[80.59150689080121, 1003.9792567500845]"
F122013,50,39,0.7,"[80.59150689080121, 1165.6230583321303]"
F122013,50,39,0.8,"[80.59150689080121, 1329.3390289549716]"
F122013,50,39,0.9,"[80.59150689080121, 1490.322190741077]"
F122013,50,39,1.0,"[80.59150689080121, 1652.087683959864]"
F122013,50,40,0.01,"[431.72934611904407, 18.2901717168279]"
F122013,50,40,0.1,"[70.6420174408994, 163.98792752623558]"
F122013,50,40,0.2,"[70.6420174408994, 319.4842009199783]"
F122013,50,40,0.3,"[70.6420174408994, 482.1558385239914]"
F122013,50,40,0.4,"[70.6420174408994, 649.7176602110267]"
F122013,50,40,0.5,"[70.6420174408994, 815.810976902023]"
F122013,50,40,0.6,"[70.6420174408994, 990.1956294630654]"
F122013,50,40,0.7,"[70.6420174408994, 1140.6672866782174]"
F122013,50,40,0.8,"[70.6420174408994, 1311.0614019650966]"
F122013,50,40,0.9,"[70.6420174408994, 1478.0955471242778]"
F122013,50,40,1.0,"[70.6420174408994, 1643.611606251914]"
F122013,50,41,0.01,"[114.28624972088869, 19.168547621928155]"
F122013,50,41,0.1,"[101.48552577201471, 177.39593630703166]"
F122013,50,41,0.2,"[101.48552577201471, 347.3631723639555]"
F122013,50,41,0.3,"[101.48552577201471, 519.4915885562077]"
F122013,50,41,0.4,"[101.48552577201471, 684.605647365097]"
F122013,50,41,0.5,"[101.48552577201471, 849.4497010731138]"
F122013,50,41,0.6,"[101.48552577201471, 1012.3917827280238]"
F122013,50,41,0.7,"[101.48552577201471, 1175.789824964013]"
F122013,50,41,0.8,"[101.48552577201471, 1339.5921455719508]"
F122013,50,41,0.9,"[101.48552577201471, 1502.57271156786]"
F122013,50,41,1.0,"[101.48552577201471, 1660.1813620780595]"
F122013,50,42,0.01,"[130.12823762799908, 17.8016092129983]"
F122013,50,42,0.1,"[90.54112292460277, 166.72004383523017]"
F122013,50,42,0.2,"[90.54112292460277, 336.87153146928176]"
F122013,50,42,0.3,"[90.54112292460277, 502.27143395133317]"
F122013,50,42,0.4,"[90.54112292460277, 667.2366409790702]"
F122013,50,42,0.5,"[90.54112292460277, 832.3440326503478]"
F122013,50,42,0.6,"[90.54112292460277, 995.798451110255]"
F122013,50,42,0.7,"[90.54112292460277, 1163.3405529623851]"
F122013,50,42,0.8,"[90.54112292460277, 1331.7749925390817]"
F122013,50,42,0.9,"[90.54112292460277, 1497.7273109490052]"
F122013,50,42,1.0,"[90.54112292460277, 1660.604205999989]"
F122013,50,43,0.01,"[220.82563435267562, 15.68790705082938]"
F122013,50,43,0.1,"[95.51595356567907, 155.68448871886358]"
F122013,50,43,0.2,"[95.51595356567904, 314.8541479026899]"
F122013,50,43,0.3,"[95.51595356567904, 494.1006024326198]"
F122013,50,43,0.4,"[95.51595356567904, 674.6086655566469]"
F122013,50,43,0.5,"[95.51595356567904, 854.0000595375896]"
F122013,50,43,0.6,"[95.51595356567904, 1018.6429974338971]"
F122013,50,43,0.7,"[95.51595356567904, 1195.5532112237997]"
F122013,50,43,0.8,"[95.51595356567904, 1350.810762136709]"
F122013,50,43,0.9,"[95.51595356567904, 1521.0800313167274]"
F122013,50,43,1.0,"[95.51595356567904, 1689.5192973697558]"
F122013,50,44,0.01,"[436.24153196304724, 16.256572301965207]"
F122013,50,44,0.1,"[114.42007975013652, 182.4277845788747]"
F122013,50,44,0.2,"[114.42007975013652, 339.68691235920414]"
F122013,50,44,0.3,"[114.42007975013652, 505.02230407996103]"
F122013,50,44,0.4,"[114.42007975013652, 682.3129515922628]"
F122013,50,44,0.5,"[114.42007975013652, 857.4306593062356]"
F122013,50,44,0.6,"[114.42007975013652, 1036.638485989999]"
F122013,50,44,0.7,"[114.42007975013652, 1202.6897490839474]"
F122013,50,44,0.8,"[114.42007975013652, 1383.0257498850115]"
F122013,50,44,0.9,"[114.42007975013652, 1535.044116949197]"
F122013,50,44,1.0,"[114.42007975013652, 1693.9969276241027]"
F122013,50,45,0.01,"[93.33815786135864, 16.518026780337095]"
F122013,50,45,0.1,"[65.66723731432833, 169.22587908105925]"
F122013,50,45,0.2,"[65.66723731432833, 336.32722478127107]"
F122013,50,45,0.3,"[65.66723731432833, 515.7402758733369]"
F122013,50,45,0.4,"[65.66723731432833, 693.9553215620108]"
F122013,50,45,0.5,"[65.66723731432833, 870.9794193203561]"
F122013,50,45,0.6,"[65.66723731432833, 1043.6003028512932]"
F122013,50,45,0.7,"[65.66723731432833, 1214.9451112672687]"
F122013,50,45,0.8,"[65.66723731432833, 1388.6596073559485]"
F122013,50,45,0.9,"[65.66723731432833, 1559.6325941523537]"
F122013,50,45,1.0,"[65.66723731432833, 1691.3816616469994]"
F122013,50,46,0.01,"[441.5929495560035, 18.101409330032766]"
F122013,50,46,0.1,"[100.49061232906641, 166.08256860729307]"
F122013,50,46,0.2,"[100.49061232906641, 332.9413718851283]"
F122013,50,46,0.3,"[100.49061232906641, 494.67939695203677]"
F122013,50,46,0.4,"[100.49061232906641, 662.927205874119]"
F122013,50,46,0.5,"[100.49061232906641, 830.34485254623]"
F122013,50,46,0.6,"[100.49061232906641, 991.3787780292332]"
F122013,50,46,0.7,"[100.49061232906641, 1158.549028210342]"
F122013,50,46,0.8,"[100.49061232906641, 1332.02380494494]"
F122013,50,46,0.9,"[100.49061232906641, 1504.5275653889403]"
F122013,50,46,1.0,"[100.49061232906641, 1665.3749559931457]"
F122013,50,47,0.01,"[434.9532302817549, 14.613638543058187]"
F122013,50,47,0.1,"[122.94997829286453, 175.85941883688793]"
F122013,50,47,0.2,"[122.94997829286453, 354.22241978673264]"
F122013,50,47,0.3,"[122.9499782928645, 543.6141639398411]"
F122013,50,47,0.4,"[122.9499782928645, 730.4086597459391]"
F122013,50,47,0.5,"[122.9499782928645, 915.1624929369427]"
F122013,50,47,0.6,"[122.9499782928645, 1100.492627917789]"
F122013,50,47,0.7,"[122.9499782928645, 1282.336175977718]"
F122013,50,47,0.8,"[122.9499782928645, 1424.5236487309448]"
F122013,50,47,0.9,"[122.9499782928645, 1609.1983645218424]"
F122013,50,47,1.0,"[122.9499782928645, 1708.0918017011136]"
F122013,50,48,0.01,"[262.74212445397, 17.479224051348865]"
F122013,50,48,0.1,"[81.58651659985856, 82.76217612903565]"
F122013,50,48,0.2,"[81.58651659985856, 96.83662845613435]"
F122013,50,48,0.3,"[81.58651659985856, 110.49933192599565]"
F122013,50,48,0.4,"[81.58651659985856, 124.12929798103869]"
F122013,50,48,0.5,"[81.58651659985856, 137.74000343494117]"
F122013,50,48,0.6,"[81.58651659985856, 151.32223816914484]"
F122013,50,48,0.7,"[81.58651659985856, 164.89570221304893]"
F122013,50,48,0.8,"[81.58651659985856, 178.45006489707157]"
F122013,50,48,0.9,"[81.58651659985856, 191.9853885062039]"
F122013,50,48,1.0,"[81.58651659985856, 205.56470560096204]"
F122013,50,49,0.01,"[291.66250739008234, 17.70241124695167]"
F122013,50,49,0.1,"[110.44011693786356, 77.40937002561986]"
F122013,50,49,0.2,"[110.44011693786356, 91.29568144399673]"
F122013,50,49,0.3,"[110.44011693786356, 104.92209184076637]"
F122013,50,49,0.4,"[110.44011693786356, 118.54667310277]"
F122013,50,49,0.5,"[110.44011693786356, 132.19042871473357]"
F122013,50,49,0.6,"[110.44011693786356, 145.81115020764992]"
F122013,50,49,0.7,"[110.44011693786356, 159.4183824667707]"
F122013,50,49,0.8,"[110.44011693786356, 173.03124691778794]"
F122013,50,49,0.9,"[110.44011693786356, 186.61454258859158]"
F122013,50,49,1.0,"[110.44011693786356, 200.1903268438764]"
F122013,50,50,0.01,"[396.8532915409906, 16.9697449458763]"
F122013,50,50,0.1,"[96.51079125958861, 64.04538320284337]"
F122013,50,50,0.2,"[96.51079125958861, 77.89950053300709]"
F122013,50,50,0.3,"[96.51079125958861, 91.62700126413256]"
F122013,50,50,0.4,"[96.51079125958861, 105.29904304118827]"
F122013,50,50,0.5,"[96.51079125958861, 118.9545306218788]"
F122013,50,50,0.6,"[96.51079125958861, 132.58948029624298]"
F122013,50,50,0.7,"[96.51079125958861, 146.181870223023]"
F122013,50,50,0.8,"[96.51079125958861, 159.77513117715716]"
F122013,50,50,0.9,"[96.51079125958861, 173.3457694798708]"
F122013,50,50,1.0,"[96.51079125958861, 186.9096378069371]"
