function,dimension,run,checkpoint,error
F92013,10,0,0.01,[13.766570288340745]
F92013,10,0,0.1,[13.766570288340745]
F92013,10,0,0.2,[13.766570288340745]
F92013,10,0,0.3,[13.766570288340745]
F92013,10,0,0.4,[13.766570288340745]
F92013,10,0,0.5,[13.766570288340745]
F92013,10,0,0.6,[13.766570288340745]
F92013,10,0,0.7,[13.766570288340745]
F92013,10,0,0.8,[13.766570288340745]
F92013,10,0,0.9,[13.766570288340745]
F92013,10,0,1.0,[13.766570288340745]
F92013,10,1,0.01,[16.979374172934286]
F92013,10,1,0.1,[16.979374172934286]
F92013,10,1,0.2,[16.979374172934286]
F92013,10,1,0.3,[16.979374172934286]
F92013,10,1,0.4,[16.979374172934286]
F92013,10,1,0.5,[16.979374172934286]
F92013,10,1,0.6,[16.979374172934286]
F92013,10,1,0.7,[16.979374172934286]
F92013,10,1,0.8,[16.979374172934286]
F92013,10,1,0.9,[16.979374172934286]
F92013,10,1,1.0,[16.979374172934286]
F92013,10,2,0.01,[16.951880187109396]
F92013,10,2,0.1,[16.951880187109396]
F92013,10,2,0.2,[16.951880187109396]
F92013,10,2,0.3,[16.951880187109396]
F92013,10,2,0.4,[16.951880187109396]
F92013,10,2,0.5,[16.951880187109396]
F92013,10,2,0.6,[16.951880187109396]
F92013,10,2,0.7,[16.951880187109396]
F92013,10,2,0.8,[16.951880187109396]
F92013,10,2,0.9,[16.951880187109396]
F92013,10,2,1.0,[16.951880187109396]
F92013,10,3,0.01,[17.280221485143898]
F92013,10,3,0.1,[17.280211385393045]
F92013,10,3,0.2,[17.280211385393045]
F92013,10,3,0.3,[17.280211385393045]
F92013,10,3,0.4,[17.280211385393045]
F92013,10,3,0.5,[17.280211385393045]
F92013,10,3,0.6,[17.280211385393045]
F92013,10,3,0.7,[17.280211385393045]
F92013,10,3,0.8,[17.280211385393045]
F92013,10,3,0.9,[17.280211385393045]
F92013,10,3,1.0,[17.280211385393045]
F92013,10,4,0.01,[16.47314935499321]
F92013,10,4,0.1,[16.47314935499321]
F92013,10,4,0.2,[16.47314935499321]
F92013,10,4,0.3,[16.47314935499321]
F92013,10,4,0.4,[16.47314935499321]
F92013,10,4,0.5,[16.47314935499321]
F92013,10,4,0.6,[16.47314935499321]
F92013,10,4,0.7,[16.47314935499321]
F92013,10,4,0.8,[16.47314935499321]
F92013,10,4,0.9,[16.47314935499321]
F92013,10,4,1.0,[16.47314935499321]
F92013,10,5,0.01,[18.155134043726434]
F92013,10,5,0.1,[18.155134043726434]
F92013,10,5,0.2,[18.155134043726434]
F92013,10,5,0.3,[18.155134043726434]
F92013,10,5,0.4,[18.155134043726434]
F92013,10,5,0.5,[18.155134043726434]
F92013,10,5,0.6,[18.155134043726434]
F92013,10,5,0.7,[18.155134043726434]
F92013,10,5,0.8,[18.155134043726434]
F92013,10,5,0.9,[18.155134043726434]
F92013,10,5,1.0,[18.155134043726434]
F92013,10,6,0.01,[17.488595556364658]
F92013,10,6,0.1,[17.488486694859148]
F92013,10,6,0.2,[17.488486694859148]
F92013,10,6,0.3,[17.488486694859148]
F92013,10,6,0.4,[17.488486694859148]
F92013,10,6,0.5,[17.488486694859148]
F92013,10,6,0.6,[17.488486694859148]
F92013,10,6,0.7,[17.488486694859148]
F92013,10,6,0.8,[17.488486694859148]
F92013,10,6,0.9,[17.488486694859148]
F92013,10,6,1.0,[17.488486694859148]
F92013,10,7,0.01,[19.89993485902437]
F92013,10,7,0.1,[19.89993485902255]
F92013,10,7,0.2,[19.89993485902255]
F92013,10,7,0.3,[19.89993485902255]
F92013,10,7,0.4,[19.89993485902255]
F92013,10,7,0.5,[19.89993485902255]
F92013,10,7,0.6,[19.89993485902255]
F92013,10,7,0.7,[19.89993485902255]
F92013,10,7,0.8,[19.89993485902255]
F92013,10,7,0.9,[19.89993485902255]
F92013,10,7,1.0,[19.89993485902255]
F92013,10,8,0.01,[20.349709082930985]
F92013,10,8,0.1,[20.379315537921798]
F92013,10,8,0.2,[20.379315537921798]
F92013,10,8,0.3,[20.379315537921798]
F92013,10,8,0.4,[20.379315537921798]
F92013,10,8,0.5,[20.379315537921798]
F92013,10,8,0.6,[20.379315537921798]
F92013,10,8,0.7,[20.379315537921798]
F92013,10,8,0.8,[20.379315537921798]
F92013,10,8,0.9,[20.379315537921798]
F92013,10,8,1.0,[20.379315537921798]
F92013,10,9,0.01,[17.186173320344096]
F92013,10,9,0.1,[17.186173320344096]
F92013,10,9,0.2,[17.186173320344096]
F92013,10,9,0.3,[17.186173320344096]
F92013,10,9,0.4,[17.186173320344096]
F92013,10,9,0.5,[17.186173320344096]
F92013,10,9,0.6,[17.186173320344096]
F92013,10,9,0.7,[17.186173320344096]
F92013,10,9,0.8,[17.186173320344096]
F92013,10,9,0.9,[17.186173320344096]
F92013,10,9,1.0,[17.186173320344096]
F92013,10,10,0.01,[18.062745151616127]
F92013,10,10,0.1,[18.062745151616127]
F92013,10,10,0.2,[18.062745151616127]
F92013,10,10,0.3,[18.062745151616127]
F92013,10,10,0.4,[18.062745151616127]
F92013,10,10,0.5,[18.062745151616127]
F92013,10,10,0.6,[18.062745151616127]
F92013,10,10,0.7,[18.062745151616127]
F92013,10,10,0.8,[18.062745151616127]
F92013,10,10,0.9,[18.062745151616127]
F92013,10,10,1.0,[18.062745151616127]
F92013,10,11,0.01,[18.915634079717165]
F92013,10,11,0.1,[18.915634089982063]
F92013,10,11,0.2,[18.915634089982063]
F92013,10,11,0.3,[18.915634089982063]
F92013,10,11,0.4,[18.915634089982063]
F92013,10,11,0.5,[18.915634089982063]
F92013,10,11,0.6,[18.915634089982063]
F92013,10,11,0.7,[18.915634089982063]
F92013,10,11,0.8,[18.915634089982063]
F92013,10,11,0.9,[18.915634089982063]
F92013,10,11,1.0,[18.915634089982063]
F92013,10,12,0.01,[14.96829450233031]
F92013,10,12,0.1,[14.96829450233031]
F92013,10,12,0.2,[14.96829450233031]
F92013,10,12,0.3,[14.96829450233031]
F92013,10,12,0.4,[14.96829450233031]
F92013,10,12,0.5,[14.96829450233031]
F92013,10,12,0.6,[14.96829450233031]
F92013,10,12,0.7,[14.96829450233031]
F92013,10,12,0.8,[14.96829450233031]
F92013,10,12,0.9,[14.96829450233031]
F92013,10,12,1.0,[14.96829450233031]
F92013,10,13,0.01,[18.103313978589426]
F92013,10,13,0.1,[18.10330827002167]
F92013,10,13,0.2,[18.10330827002167]
F92013,10,13,0.3,[18.10330827002167]
F92013,10,13,0.4,[18.10330827002167]
F92013,10,13,0.5,[18.10330827002167]
F92013,10,13,0.6,[18.10330827002167]
F92013,10,13,0.7,[18.10330827002167]
F92013,10,13,0.8,[18.10330827002167]
F92013,10,13,0.9,[18.10330827002167]
F92013,10,13,1.0,[18.10330827002167]
F92013,10,14,0.01,[21.31166798535321]
F92013,10,14,0.1,[21.311599738857694]
F92013,10,14,0.2,[21.311599738857694]
F92013,10,14,0.3,[21.311599738857694]
F92013,10,14,0.4,[21.311599738857694]
F92013,10,14,0.5,[21.311599738857694]
F92013,10,14,0.6,[21.311599738857694]
F92013,10,14,0.7,[21.311599738857694]
F92013,10,14,0.8,[21.311599738857694]
F92013,10,14,0.9,[21.311599738857694]
F92013,10,14,1.0,[21.311599738857694]
F92013,10,15,0.01,[17.762443860110352]
F92013,10,15,0.1,[17.762443860110352]
F92013,10,15,0.2,[17.762443860110352]
F92013,10,15,0.3,[17.762443860110352]
F92013,10,15,0.4,[17.762443860110352]
F92013,10,15,0.5,[17.762443860110352]
F92013,10,15,0.6,[17.762443860110352]
F92013,10,15,0.7,[17.762443860110352]
F92013,10,15,0.8,[17.762443860110352]
F92013,10,15,0.9,[17.762443860110352]
F92013,10,15,1.0,[17.762443860110352]
F92013,10,16,0.01,[16.80407571045498]
F92013,10,16,0.1,[16.803697146944387]
F92013,10,16,0.2,[16.803697146944387]
F92013,10,16,0.3,[16.803697146944387]
F92013,10,16,0.4,[16.803697146944387]
F92013,10,16,0.5,[16.803697146944387]
F92013,10,16,0.6,[16.803697146944387]
F92013,10,16,0.7,[16.803697146944387]
F92013,10,16,0.8,[16.803697146944387]
F92013,10,16,0.9,[16.803697146944387]
F92013,10,16,1.0,[16.803697146944387]
F92013,10,17,0.01,[19.160437252835095]
F92013,10,17,0.1,[19.160437252835095]
F92013,10,17,0.2,[19.160437252835095]
F92013,10,17,0.3,[19.160437252835095]
F92013,10,17,0.4,[19.160437252835095]
F92013,10,17,0.5,[19.160437252835095]
F92013,10,17,0.6,[19.160437252835095]
F92013,10,17,0.7,[19.160437252835095]
F92013,10,17,0.8,[19.160437252835095]
F92013,10,17,0.9,[19.160437252835095]
F92013,10,17,1.0,[19.160437252835095]
F92013,10,18,0.01,[19.52218314073184]
F92013,10,18,0.1,[19.52218314073184]
F92013,10,18,0.2,[19.52218314073184]
F92013,10,18,0.3,[19.52218314073184]
F92013,10,18,0.4,[19.52218314073184]
F92013,10,18,0.5,[19.52218314073184]
F92013,10,18,0.6,[19.52218314073184]
F92013,10,18,0.7,[19.52218314073184]
F92013,10,18,0.8,[19.52218314073184]
F92013,10,18,0.9,[19.52218314073184]
F92013,10,18,1.0,[19.52218314073184]
F92013,10,19,0.01,[16.106903612346173]
F92013,10,19,0.1,[16.106903612346173]
F92013,10,19,0.2,[16.106903612346173]
F92013,10,19,0.3,[16.106903612346173]
F92013,10,19,0.4,[16.106903612346173]
F92013,10,19,0.5,[16.106903612346173]
F92013,10,19,0.6,[16.106903612346173]
F92013,10,19,0.7,[16.106903612346173]
F92013,10,19,0.8,[16.106903612346173]
F92013,10,19,0.9,[16.106903612346173]
F92013,10,19,1.0,[16.106903612346173]
F92013,10,20,0.01,[21.372357068915676]
F92013,10,20,0.1,[21.372357068915676]
F92013,10,20,0.2,[21.372357068915676]
F92013,10,20,0.3,[21.372357068915676]
F92013,10,20,0.4,[21.372357068915676]
F92013,10,20,0.5,[21.372357068915676]
F92013,10,20,0.6,[21.372357068915676]
F92013,10,20,0.7,[21.372357068915676]
F92013,10,20,0.8,[21.372357068915676]
F92013,10,20,0.9,[21.372357068915676]
F92013,10,20,1.0,[21.372357068915676]
F92013,10,21,0.01,[19.07328577160922]
F92013,10,21,0.1,[19.07328577160922]
F92013,10,21,0.2,[19.07328577160922]
F92013,10,21,0.3,[19.07328577160922]
F92013,10,21,0.4,[19.07328577160922]
F92013,10,21,0.5,[19.07328577160922]
F92013,10,21,0.6,[19.07328577160922]
F92013,10,21,0.7,[19.07328577160922]
F92013,10,21,0.8,[19.07328577160922]
F92013,10,21,0.9,[19.07328577160922]
F92013,10,21,1.0,[19.07328577160922]
F92013,10,22,0.01,[19.07328577160922]
F92013,10,22,0.1,[19.07328577160922]
F92013,10,22,0.2,[19.07328577160922]
F92013,10,22,0.3,[19.07328577160922]
F92013,10,22,0.4,[19.07328577160922]
F92013,10,22,0.5,[19.07328577160922]
F92013,10,22,0.6,[19.07328577160922]
F92013,10,22,0.7,[19.07328577160922]
F92013,10,22,0.8,[19.07328577160922]
F92013,10,22,0.9,[19.07328577160922]
F92013,10,22,1.0,[19.07328577160922]
F92013,10,23,0.01,[17.764022896790493]
F92013,10,23,0.1,[17.763964067340453]
F92013,10,23,0.2,[17.763964067340453]
F92013,10,23,0.3,[17.763964067340453]
F92013,10,23,0.4,[17.763964067340453]
F92013,10,23,0.5,[17.763964067340453]
F92013,10,23,0.6,[17.763964067340453]
F92013,10,23,0.7,[17.763964067340453]
F92013,10,23,0.8,[17.763964067340453]
F92013,10,23,0.9,[17.763964067340453]
F92013,10,23,1.0,[17.763964067340453]
F92013,10,24,0.01,[22.43087525890064]
F92013,10,24,0.1,[22.43087525890064]
F92013,10,24,0.2,[22.43087525890064]
F92013,10,24,0.3,[22.43087525890064]
F92013,10,24,0.4,[22.43087525890064]
F92013,10,24,0.5,[22.43087525890064]
F92013,10,24,0.6,[22.43087525890064]
F92013,10,24,0.7,[22.43087525890064]
F92013,10,24,0.8,[22.43087525890064]
F92013,10,24,0.9,[22.43087525890064]
F92013,10,24,1.0,[22.43087525890064]
F92013,10,25,0.01,[17.41447518098687]
F92013,10,25,0.1,[17.41447518098903]
F92013,10,25,0.2,[17.41447518098903]
F92013,10,25,0.3,[17.41447518098903]
F92013,10,25,0.4,[17.41447518098903]
F92013,10,25,0.5,[17.41447518098903]
F92013,10,25,0.6,[17.41447518098903]
F92013,10,25,0.7,[17.41447518098903]
F92013,10,25,0.8,[17.41447518098903]
F92013,10,25,0.9,[17.41447518098903]
F92013,10,25,1.0,[17.41447518098903]
F92013,10,26,0.01,[19.690611116039463]
F92013,10,26,0.1,[19.690611116039463]
F92013,10,26,0.2,[19.690611116039463]
F92013,10,26,0.3,[19.690611116039463]
F92013,10,26,0.4,[19.690611116039463]
F92013,10,26,0.5,[19.690611116039463]
F92013,10,26,0.6,[19.690611116039463]
F92013,10,26,0.7,[19.690611116039463]
F92013,10,26,0.8,[19.690611116039463]
F92013,10,26,0.9,[19.690611116039463]
F92013,10,26,1.0,[19.690611116039463]
F92013,10,27,0.01,[14.994459921131124]
F92013,10,27,0.1,[14.999231775172689]
F92013,10,27,0.2,[14.999231775172689]
F92013,10,27,0.3,[14.999231775172689]
F92013,10,27,0.4,[14.999231775172689]
F92013,10,27,0.5,[14.999231775172689]
F92013,10,27,0.6,[14.999231775172689]
F92013,10,27,0.7,[14.999231775172689]
F92013,10,27,0.8,[14.999231775172689]
F92013,10,27,0.9,[14.999231775172689]
F92013,10,27,1.0,[14.999231775172689]
F92013,10,28,0.01,[22.096994353844252]
F92013,10,28,0.1,[22.096994353844252]
F92013,10,28,0.2,[22.096994353844252]
F92013,10,28,0.3,[22.096994353844252]
F92013,10,28,0.4,[22.096994353844252]
F92013,10,28,0.5,[22.096994353844252]
F92013,10,28,0.6,[22.096994353844252]
F92013,10,28,0.7,[22.096994353844252]
F92013,10,28,0.8,[22.096994353844252]
F92013,10,28,0.9,[22.096994353844252]
F92013,10,28,1.0,[22.096994353844252]
F92013,10,29,0.01,[19.153226483065623]
F92013,10,29,0.1,[19.153226483065623]
F92013,10,29,0.2,[19.153226483065623]
F92013,10,29,0.3,[19.153226483065623]
F92013,10,29,0.4,[19.153226483065623]
F92013,10,29,0.5,[19.153226483065623]
F92013,10,29,0.6,[19.153226483065623]
F92013,10,29,0.7,[19.153226483065623]
F92013,10,29,0.8,[19.153226483065623]
F92013,10,29,0.9,[19.153226483065623]
F92013,10,29,1.0,[19.153226483065623]
F92013,10,30,0.01,[14.037684180739461]
F92013,10,30,0.1,[14.037684180739461]
F92013,10,30,0.2,[14.037684180739461]
F92013,10,30,0.3,[14.037684180739461]
F92013,10,30,0.4,[14.037684180739461]
F92013,10,30,0.5,[14.037684180739461]
F92013,10,30,0.6,[14.037684180739461]
F92013,10,30,0.7,[14.037684180739461]
F92013,10,30,0.8,[14.037684180739461]
F92013,10,30,0.9,[14.037684180739461]
F92013,10,30,1.0,[14.037684180739461]
F92013,10,31,0.01,[18.946962379926845]
F92013,10,31,0.1,[18.946962379926845]
F92013,10,31,0.2,[18.946962379926845]
F92013,10,31,0.3,[18.946962379926845]
F92013,10,31,0.4,[18.946962379926845]
F92013,10,31,0.5,[18.946962379926845]
F92013,10,31,0.6,[18.946962379926845]
F92013,10,31,0.7,[18.946962379926845]
F92013,10,31,0.8,[18.946962379926845]
F92013,10,31,0.9,[18.946962379926845]
F92013,10,31,1.0,[18.946962379926845]
F92013,10,32,0.01,[15.925929286160567]
F92013,10,32,0.1,[15.925929286006067]
F92013,10,32,0.2,[15.925929286006067]
F92013,10,32,0.3,[15.925929286006067]
F92013,10,32,0.4,[15.925929286006067]
F92013,10,32,0.5,[15.925929286006067]
F92013,10,32,0.6,[15.925929286006067]
F92013,10,32,0.7,[15.925929286006067]
F92013,10,32,0.8,[15.925929286006067]
F92013,10,32,0.9,[15.925929286006067]
F92013,10,32,1.0,[15.925929286006067]
F92013,10,33,0.01,[16.284950085823766]
F92013,10,33,0.1,[16.284950085823766]
F92013,10,33,0.2,[16.284950085823766]
F92013,10,33,0.3,[16.284950085823766]
F92013,10,33,0.4,[16.284950085823766]
F92013,10,33,0.5,[16.284950085823766]
F92013,10,33,0.6,[16.284950085823766]
F92013,10,33,0.7,[16.284950085823766]
F92013,10,33,0.8,[16.284950085823766]
F92013,10,33,0.9,[16.284950085823766]
F92013,10,33,1.0,[16.284950085823766]
F92013,10,34,0.01,[19.143073489187714]
F92013,10,34,0.1,[19.143073489187714]
F92013,10,34,0.2,[19.143073489187714]
F92013,10,34,0.3,[19.143073489187714]
F92013,10,34,0.4,[19.143073489187714]
F92013,10,34,0.5,[19.143073489187714]
F92013,10,34,0.6,[19.143073489187714]
F92013,10,34,0.7,[19.143073489187714]
F92013,10,34,0.8,[19.143073489187714]
F92013,10,34,0.9,[19.143073489187714]
F92013,10,34,1.0,[19.143073489187714]
F92013,10,35,0.01,[18.534153409822807]
F92013,10,35,0.1,[18.534144396410625]
F92013,10,35,0.2,[18.534144396410625]
F92013,10,35,0.3,[18.534144396410625]
F92013,10,35,0.4,[18.534144396410625]
F92013,10,35,0.5,[18.534144396410625]
F92013,10,35,0.6,[18.534144396410625]
F92013,10,35,0.7,[18.534144396410625]
F92013,10,35,0.8,[18.534144396410625]
F92013,10,35,0.9,[18.534144396410625]
F92013,10,35,1.0,[18.534144396410625]
F92013,10,36,0.01,[22.852507307267842]
F92013,10,36,0.1,[22.852507307261817]
F92013,10,36,0.2,[22.852507307261817]
F92013,10,36,0.3,[22.852507307261817]
F92013,10,36,0.4,[22.852507307261817]
F92013,10,36,0.5,[22.852507307261817]
F92013,10,36,0.6,[22.852507307261817]
F92013,10,36,0.7,[22.852507307261817]
F92013,10,36,0.8,[22.852507307261817]
F92013,10,36,0.9,[22.852507307261817]
F92013,10,36,1.0,[22.852507307261817]
F92013,10,37,0.01,[17.823968501332956]
F92013,10,37,0.1,[17.823968501337163]
F92013,10,37,0.2,[17.823968501337163]
F92013,10,37,0.3,[17.823968501337163]
F92013,10,37,0.4,[17.823968501337163]
F92013,10,37,0.5,[17.823968501337163]
F92013,10,37,0.6,[17.823968501337163]
F92013,10,37,0.7,[17.823968501337163]
F92013,10,37,0.8,[17.823968501337163]
F92013,10,37,0.9,[17.823968501337163]
F92013,10,37,1.0,[17.823968501337163]
F92013,10,38,0.01,[15.698658658312183]
F92013,10,38,0.1,[15.698658658312183]
F92013,10,38,0.2,[15.698658658312183]
F92013,10,38,0.3,[15.698658658312183]
F92013,10,38,0.4,[15.698658658312183]
F92013,10,38,0.5,[15.698658658312183]
F92013,10,38,0.6,[15.698658658312183]
F92013,10,38,0.7,[15.698658658312183]
F92013,10,38,0.8,[15.698658658312183]
F92013,10,38,0.9,[15.698658658312183]
F92013,10,38,1.0,[15.698658658312183]
F92013,10,39,0.01,[18.960266920989852]
F92013,10,39,0.1,[18.960266920989852]
F92013,10,39,0.2,[18.960266920989852]
F92013,10,39,0.3,[18.960266920989852]
F92013,10,39,0.4,[18.960266920989852]
F92013,10,39,0.5,[18.960266920989852]
F92013,10,39,0.6,[18.960266920989852]
F92013,10,39,0.7,[18.960266920989852]
F92013,10,39,0.8,[18.960266920989852]
F92013,10,39,0.9,[18.960266920989852]
F92013,10,39,1.0,[18.960266920989852]
F92013,10,40,0.01,[20.77350037410588]
F92013,10,40,0.1,[20.77350037410588]
F92013,10,40,0.2,[20.77350037410588]
F92013,10,40,0.3,[20.77350037410588]
F92013,10,40,0.4,[20.77350037410588]
F92013,10,40,0.5,[20.77350037410588]
F92013,10,40,0.6,[20.77350037410588]
F92013,10,40,0.7,[20.77350037410588]
F92013,10,40,0.8,[20.77350037410588]
F92013,10,40,0.9,[20.77350037410588]
F92013,10,40,1.0,[20.77350037410588]
F92013,10,41,0.01,[19.065237198672435]
F92013,10,41,0.1,[19.0652347947846]
F92013,10,41,0.2,[19.0652347947846]
F92013,10,41,0.3,[19.0652347947846]
F92013,10,41,0.4,[19.0652347947846]
F92013,10,41,0.5,[19.0652347947846]
F92013,10,41,0.6,[19.0652347947846]
F92013,10,41,0.7,[19.0652347947846]
F92013,10,41,0.8,[19.0652347947846]
F92013,10,41,0.9,[19.0652347947846]
F92013,10,41,1.0,[19.0652347947846]
F92013,10,42,0.01,[17.06567110460378]
F92013,10,42,0.1,[17.065692501293142]
F92013,10,42,0.2,[17.065692501293142]
F92013,10,42,0.3,[17.065692501293142]
F92013,10,42,0.4,[17.065692501293142]
F92013,10,42,0.5,[17.065692501293142]
F92013,10,42,0.6,[17.065692501293142]
F92013,10,42,0.7,[17.065692501293142]
F92013,10,42,0.8,[17.065692501293142]
F92013,10,42,0.9,[17.065692501293142]
F92013,10,42,1.0,[17.065692501293142]
F92013,10,43,0.01,[15.648925140373535]
F92013,10,43,0.1,[15.648925140373535]
F92013,10,43,0.2,[15.648925140373535]
F92013,10,43,0.3,[15.648925140373535]
F92013,10,43,0.4,[15.648925140373535]
F92013,10,43,0.5,[15.648925140373535]
F92013,10,43,0.6,[15.648925140373535]
F92013,10,43,0.7,[15.648925140373535]
F92013,10,43,0.8,[15.648925140373535]
F92013,10,43,0.9,[15.648925140373535]
F92013,10,43,1.0,[15.648925140373535]
F92013,10,44,0.01,[19.404709940199496]
F92013,10,44,0.1,[19.404709940199496]
F92013,10,44,0.2,[19.404709940199496]
F92013,10,44,0.3,[19.404709940199496]
F92013,10,44,0.4,[19.404709940199496]
F92013,10,44,0.5,[19.404709940199496]
F92013,10,44,0.6,[19.404709940199496]
F92013,10,44,0.7,[19.404709940199496]
F92013,10,44,0.8,[19.404709940199496]
F92013,10,44,0.9,[19.404709940199496]
F92013,10,44,1.0,[19.404709940199496]
F92013,10,45,0.01,[15.665277732520735]
F92013,10,45,0.1,[15.665277738979285]
F92013,10,45,0.2,[15.665277738979285]
F92013,10,45,0.3,[15.665277738979285]
F92013,10,45,0.4,[15.665277738979285]
F92013,10,45,0.5,[15.665277738979285]
F92013,10,45,0.6,[15.665277738979285]
F92013,10,45,0.7,[15.665277738979285]
F92013,10,45,0.8,[15.665277738979285]
F92013,10,45,0.9,[15.665277738979285]
F92013,10,45,1.0,[15.665277738979285]
F92013,10,46,0.01,[20.446879496674455]
F92013,10,46,0.1,[20.446879496674455]
F92013,10,46,0.2,[20.446879496674455]
F92013,10,46,0.3,[20.446879496674455]
F92013,10,46,0.4,[20.446879496674455]
F92013,10,46,0.5,[20.446879496674455]
F92013,10,46,0.6,[20.446879496674455]
F92013,10,46,0.7,[20.446879496674455]
F92013,10,46,0.8,[20.446879496674455]
F92013,10,46,0.9,[20.446879496674455]
F92013,10,46,1.0,[20.446879496674455]
F92013,10,47,0.01,[15.506564140784917]
F92013,10,47,0.1,[15.506564140784917]
F92013,10,47,0.2,[15.506564140784917]
F92013,10,47,0.3,[15.506564140784917]
F92013,10,47,0.4,[15.506564140784917]
F92013,10,47,0.5,[15.506564140784917]
F92013,10,47,0.6,[15.506564140784917]
F92013,10,47,0.7,[15.506564140784917]
F92013,10,47,0.8,[15.506564140784917]
F92013,10,47,0.9,[15.506564140784917]
F92013,10,47,1.0,[15.506564140784917]
F92013,10,48,0.01,[22.11440502622338]
F92013,10,48,0.1,[22.11440502622338]
F92013,10,48,0.2,[22.11440502622338]
F92013,10,48,0.3,[22.11440502622338]
F92013,10,48,0.4,[22.11440502622338]
F92013,10,48,0.5,[22.11440502622338]
F92013,10,48,0.6,[22.11440502622338]
F92013,10,48,0.7,[22.11440502622338]
F92013,10,48,0.8,[22.11440502622338]
F92013,10,48,0.9,[22.11440502622338]
F92013,10,48,1.0,[22.11440502622338]
F92013,10,49,0.01,[22.198905351741814]
F92013,10,49,0.1,[22.198905880838197]
F92013,10,49,0.2,[22.198905880838197]
F92013,10,49,0.3,[22.198905880838197]
F92013,10,49,0.4,[22.198905880838197]
F92013,10,49,0.5,[22.198905880838197]
F92013,10,49,0.6,[22.198905880838197]
F92013,10,49,0.7,[22.198905880838197]
F92013,10,49,0.8,[22.198905880838197]
F92013,10,49,0.9,[22.198905880838197]
F92013,10,49,1.0,[22.198905880838197]
F92013,10,50,0.01,[16.434336592417708]
F92013,10,50,0.1,[16.434336592415775]
F92013,10,50,0.2,[16.434336592415775]
F92013,10,50,0.3,[16.434336592415775]
F92013,10,50,0.4,[16.434336592415775]
F92013,10,50,0.5,[16.434336592415775]
F92013,10,50,0.6,[16.434336592415775]
F92013,10,50,0.7,[16.434336592415775]
F92013,10,50,0.8,[16.434336592415775]
F92013,10,50,0.9,[16.434336592415775]
F92013,10,50,1.0,[16.434336592415775]
F92013,30,0,0.01,[61.924272136610625]
F92013,30,0,0.1,[61.92292619514615]
F92013,30,0,0.2,[61.92292619514615]
F92013,30,0,0.3,[61.92292619514615]
F92013,30,0,0.4,[61.92292619514615]
F92013,30,0,0.5,[61.92292619514615]
F92013,30,0,0.6,[61.92292619514615]
F92013,30,0,0.7,[61.92292619514615]
F92013,30,0,0.8,[61.92292619514615]
F92013,30,0,0.9,[61.92292619514615]
F92013,30,0,1.0,[61.92292619514615]
F92013,30,1,0.01,[54.324105546265855]
F92013,30,1,0.1,[54.32409980429088]
F92013,30,1,0.2,[54.32409980429088]
F92013,30,1,0.3,[54.32409980429088]
F92013,30,1,0.4,[54.32409980429088]
F92013,30,1,0.5,[54.32409980429088]
F92013,30,1,0.6,[54.32409980429088]
F92013,30,1,0.7,[54.32409980429088]
F92013,30,1,0.8,[54.32409980429088]
F92013,30,1,0.9,[54.32409980429088]
F92013,30,1,1.0,[54.32409980429088]
F92013,30,2,0.01,[51.06020532723858]
F92013,30,2,0.1,[51.06020532723858]
F92013,30,2,0.2,[51.06020532723858]
F92013,30,2,0.3,[51.06020532723858]
F92013,30,2,0.4,[51.06020532723858]
F92013,30,2,0.5,[51.06020532723858]
F92013,30,2,0.6,[51.06020532723858]
F92013,30,2,0.7,[51.06020532723858]
F92013,30,2,0.8,[51.06020532723858]
F92013,30,2,0.9,[51.06020532723858]
F92013,30,2,1.0,[51.06020532723858]
F92013,30,3,0.01,[60.68780711042268]
F92013,30,3,0.1,[60.687526919858215]
F92013,30,3,0.2,[60.687526919858215]
F92013,30,3,0.3,[60.687526919858215]
F92013,30,3,0.4,[60.687526919858215]
F92013,30,3,0.5,[60.687526919858215]
F92013,30,3,0.6,[60.687526919858215]
F92013,30,3,0.7,[60.687526919858215]
F92013,30,3,0.8,[60.687526919858215]
F92013,30,3,0.9,[60.687526919858215]
F92013,30,3,1.0,[60.687526919858215]
F92013,30,4,0.01,[53.42774375776071]
F92013,30,4,0.1,[53.427665535881374]
F92013,30,4,0.2,[53.427665535881374]
F92013,30,4,0.3,[53.427665535881374]
F92013,30,4,0.4,[53.427665535881374]
F92013,30,4,0.5,[53.427665535881374]
F92013,30,4,0.6,[53.427665535881374]
F92013,30,4,0.7,[53.427665535881374]
F92013,30,4,0.8,[53.427665535881374]
F92013,30,4,0.9,[53.427665535881374]
F92013,30,4,1.0,[53.427665535881374]
F92013,30,5,0.01,[62.02663585644427]
F92013,30,5,0.1,[62.02662653579]
F92013,30,5,0.2,[62.02662653579]
F92013,30,5,0.3,[62.02662653579]
F92013,30,5,0.4,[62.02662653579]
F92013,30,5,0.5,[62.02662653579]
F92013,30,5,0.6,[62.02662653579]
F92013,30,5,0.7,[62.02662653579]
F92013,30,5,0.8,[62.02662653579]
F92013,30,5,0.9,[62.02662653579]
F92013,30,5,1.0,[62.02662653579]
F92013,30,6,0.01,[65.44936807556667]
F92013,30,6,0.1,[65.44936807556667]
F92013,30,6,0.2,[65.44936807556667]
F92013,30,6,0.3,[65.44936807556667]
F92013,30,6,0.4,[65.44936807556667]
F92013,30,6,0.5,[65.44936807556667]
F92013,30,6,0.6,[65.44936807556667]
F92013,30,6,0.7,[65.44936807556667]
F92013,30,6,0.8,[65.44936807556667]
F92013,30,6,0.9,[65.44936807556667]
F92013,30,6,1.0,[65.44936807556667]
F92013,30,7,0.01,[58.705479785962666]
F92013,30,7,0.1,[58.70547276483035]
F92013,30,7,0.2,[58.70547276483035]
F92013,30,7,0.3,[58.70547276483035]
F92013,30,7,0.4,[58.70547276483035]
F92013,30,7,0.5,[58.70547276483035]
F92013,30,7,0.6,[58.70547276483035]
F92013,30,7,0.7,[58.70547276483035]
F92013,30,7,0.8,[58.70547276483035]
F92013,30,7,0.9,[58.70547276483035]
F92013,30,7,1.0,[58.70547276483035]
F92013,30,8,0.01,[62.75639875175102]
F92013,30,8,0.1,[62.75639748167123]
F92013,30,8,0.2,[62.75639748167123]
F92013,30,8,0.3,[62.75639748167123]
F92013,30,8,0.4,[62.75639748167123]
F92013,30,8,0.5,[62.75639748167123]
F92013,30,8,0.6,[62.75639748167123]
F92013,30,8,0.7,[62.75639748167123]
F92013,30,8,0.8,[62.75639748167123]
F92013,30,8,0.9,[62.75639748167123]
F92013,30,8,1.0,[62.75639748167123]
F92013,30,9,0.01,[60.86342517187586]
F92013,30,9,0.1,[60.86342517187586]
F92013,30,9,0.2,[60.86342517187586]
F92013,30,9,0.3,[60.86342517187586]
F92013,30,9,0.4,[60.86342517187586]
F92013,30,9,0.5,[60.86342517187586]
F92013,30,9,0.6,[60.86342517187586]
F92013,30,9,0.7,[60.86342517187586]
F92013,30,9,0.8,[60.86342517187586]
F92013,30,9,0.9,[60.86342517187586]
F92013,30,9,1.0,[60.86342517187586]
F92013,30,10,0.01,[52.04643799491009]
F92013,30,10,0.1,[52.04643799491009]
F92013,30,10,0.2,[52.04643799491009]
F92013,30,10,0.3,[52.04643799491009]
F92013,30,10,0.4,[52.04643799491009]
F92013,30,10,0.5,[52.04643799491009]
F92013,30,10,0.6,[52.04643799491009]
F92013,30,10,0.7,[52.04643799491009]
F92013,30,10,0.8,[52.04643799491009]
F92013,30,10,0.9,[52.04643799491009]
F92013,30,10,1.0,[52.04643799491009]
F92013,30,11,0.01,[59.82712002208348]
F92013,30,11,0.1,[59.82712002208302]
F92013,30,11,0.2,[59.82712002208302]
F92013,30,11,0.3,[59.82712002208302]
F92013,30,11,0.4,[59.82712002208302]
F92013,30,11,0.5,[59.82712002208302]
F92013,30,11,0.6,[59.82712002208302]
F92013,30,11,0.7,[59.82712002208302]
F92013,30,11,0.8,[59.82712002208302]
F92013,30,11,0.9,[59.82712002208302]
F92013,30,11,1.0,[59.82712002208302]
F92013,30,12,0.01,[56.65047800146294]
F92013,30,12,0.1,[56.65047800146294]
F92013,30,12,0.2,[56.65047800146294]
F92013,30,12,0.3,[56.65047800146294]
F92013,30,12,0.4,[56.65047800146294]
F92013,30,12,0.5,[56.65047800146294]
F92013,30,12,0.6,[56.65047800146294]
F92013,30,12,0.7,[56.65047800146294]
F92013,30,12,0.8,[56.65047800146294]
F92013,30,12,0.9,[56.65047800146294]
F92013,30,12,1.0,[56.65047800146294]
F92013,30,13,0.01,[59.19174064353717]
F92013,30,13,0.1,[59.191736988335265]
F92013,30,13,0.2,[59.191736988335265]
F92013,30,13,0.3,[59.191736988335265]
F92013,30,13,0.4,[59.191736988335265]
F92013,30,13,0.5,[59.191736988335265]
F92013,30,13,0.6,[59.191736988335265]
F92013,30,13,0.7,[59.191736988335265]
F92013,30,13,0.8,[59.191736988335265]
F92013,30,13,0.9,[59.191736988335265]
F92013,30,13,1.0,[59.191736988335265]
F92013,30,14,0.01,[55.721749813207]
F92013,30,14,0.1,[55.721749813222914]
F92013,30,14,0.2,[55.721749813222914]
F92013,30,14,0.3,[55.721749813222914]
F92013,30,14,0.4,[55.721749813222914]
F92013,30,14,0.5,[55.721749813222914]
F92013,30,14,0.6,[55.721749813222914]
F92013,30,14,0.7,[55.721749813222914]
F92013,30,14,0.8,[55.721749813222914]
F92013,30,14,0.9,[55.721749813222914]
F92013,30,14,1.0,[55.721749813222914]
F92013,30,15,0.01,[59.838101381786714]
F92013,30,15,0.1,[59.83741370384462]
F92013,30,15,0.2,[59.83741370384462]
F92013,30,15,0.3,[59.83741370384462]
F92013,30,15,0.4,[59.83741370384462]
F92013,30,15,0.5,[59.83741370384462]
F92013,30,15,0.6,[59.83741370384462]
F92013,30,15,0.7,[59.83741370384462]
F92013,30,15,0.8,[59.83741370384462]
F92013,30,15,0.9,[59.83741370384462]
F92013,30,15,1.0,[59.83741370384462]
F92013,30,16,0.01,[56.34471054367316]
F92013,30,16,0.1,[56.344659177134645]
F92013,30,16,0.2,[56.344659177134645]
F92013,30,16,0.3,[56.344659177134645]
F92013,30,16,0.4,[56.344659177134645]
F92013,30,16,0.5,[56.344659177134645]
F92013,30,16,0.6,[56.344659177134645]
F92013,30,16,0.7,[56.344659177134645]
F92013,30,16,0.8,[56.344659177134645]
F92013,30,16,0.9,[56.344659177134645]
F92013,30,16,1.0,[56.344659177134645]
F92013,30,17,0.01,[56.184966823335344]
F92013,30,17,0.1,[56.18495842468553]
F92013,30,17,0.2,[56.18495842468553]
F92013,30,17,0.3,[56.18495842468553]
F92013,30,17,0.4,[56.18495842468553]
F92013,30,17,0.5,[56.18495842468553]
F92013,30,17,0.6,[56.18495842468553]
F92013,30,17,0.7,[56.18495842468553]
F92013,30,17,0.8,[56.18495842468553]
F92013,30,17,0.9,[56.18495842468553]
F92013,30,17,1.0,[56.18495842468553]
F92013,30,18,0.01,[54.675366488026725]
F92013,30,18,0.1,[54.67536648804639]
F92013,30,18,0.2,[54.67536648804639]
F92013,30,18,0.3,[54.67536648804639]
F92013,30,18,0.4,[54.67536648804639]
F92013,30,18,0.5,[54.67536648804639]
F92013,30,18,0.6,[54.67536648804639]
F92013,30,18,0.7,[54.67536648804639]
F92013,30,18,0.8,[54.67536648804639]
F92013,30,18,0.9,[54.67536648804639]
F92013,30,18,1.0,[54.67536648804639]
F92013,30,19,0.01,[54.122873767188594]
F92013,30,19,0.1,[54.122873767188594]
F92013,30,19,0.2,[54.122873767188594]
F92013,30,19,0.3,[54.122873767188594]
F92013,30,19,0.4,[54.122873767188594]
F92013,30,19,0.5,[54.122873767188594]
F92013,30,19,0.6,[54.122873767188594]
F92013,30,19,0.7,[54.122873767188594]
F92013,30,19,0.8,[54.122873767188594]
F92013,30,19,0.9,[54.122873767188594]
F92013,30,19,1.0,[54.122873767188594]
F92013,30,20,0.01,[49.42462142695331]
F92013,30,20,0.1,[49.42462084797501]
F92013,30,20,0.2,[49.42462084797501]
F92013,30,20,0.3,[49.42462084797501]
F92013,30,20,0.4,[49.42462084797501]
F92013,30,20,0.5,[49.42462084797501]
F92013,30,20,0.6,[49.42462084797501]
F92013,30,20,0.7,[49.42462084797501]
F92013,30,20,0.8,[49.42462084797501]
F92013,30,20,0.9,[49.42462084797501]
F92013,30,20,1.0,[49.42462084797501]
F92013,30,21,0.01,[61.486395777522034]
F92013,30,21,0.1,[61.48639628309286]
F92013,30,21,0.2,[61.48639628309286]
F92013,30,21,0.3,[61.48639628309286]
F92013,30,21,0.4,[61.48639628309286]
F92013,30,21,0.5,[61.48639628309286]
F92013,30,21,0.6,[61.48639628309286]
F92013,30,21,0.7,[61.48639628309286]
F92013,30,21,0.8,[61.48639628309286]
F92013,30,21,0.9,[61.48639628309286]
F92013,30,21,1.0,[61.48639628309286]
F92013,30,22,0.01,[53.43635806844634]
F92013,30,22,0.1,[53.43635806844634]
F92013,30,22,0.2,[53.43635806844634]
F92013,30,22,0.3,[53.43635806844634]
F92013,30,22,0.4,[53.43635806844634]
F92013,30,22,0.5,[53.43635806844634]
F92013,30,22,0.6,[53.43635806844634]
F92013,30,22,0.7,[53.43635806844634]
F92013,30,22,0.8,[53.43635806844634]
F92013,30,22,0.9,[53.43635806844634]
F92013,30,22,1.0,[53.43635806844634]
F92013,30,23,0.01,[57.91551770842966]
F92013,30,23,0.1,[57.91551770842966]
F92013,30,23,0.2,[57.91551770842966]
F92013,30,23,0.3,[57.91551770842966]
F92013,30,23,0.4,[57.91551770842966]
F92013,30,23,0.5,[57.91551770842966]
F92013,30,23,0.6,[57.91551770842966]
F92013,30,23,0.7,[57.91551770842966]
F92013,30,23,0.8,[57.91551770842966]
F92013,30,23,0.9,[57.91551770842966]
F92013,30,23,1.0,[57.91551770842966]
F92013,30,24,0.01,[60.9787326053563]
F92013,30,24,0.1,[60.97873231680478]
F92013,30,24,0.2,[60.97873231680478]
F92013,30,24,0.3,[60.97873231680478]
F92013,30,24,0.4,[60.97873231680478]
F92013,30,24,0.5,[60.97873231680478]
F92013,30,24,0.6,[60.97873231680478]
F92013,30,24,0.7,[60.97873231680478]
F92013,30,24,0.8,[60.97873231680478]
F92013,30,24,0.9,[60.97873231680478]
F92013,30,24,1.0,[60.97873231680478]
F92013,30,25,0.01,[56.68534508511857]
F92013,30,25,0.1,[56.68534508511857]
F92013,30,25,0.2,[56.68534508511857]
F92013,30,25,0.3,[56.68534508511857]
F92013,30,25,0.4,[56.68534508511857]
F92013,30,25,0.5,[56.68534508511857]
F92013,30,25,0.6,[56.68534508511857]
F92013,30,25,0.7,[56.68534508511857]
F92013,30,25,0.8,[56.68534508511857]
F92013,30,25,0.9,[56.68534508511857]
F92013,30,25,1.0,[56.68534508511857]
F92013,30,26,0.01,[59.74007635849637]
F92013,30,26,0.1,[59.7400763585531]
F92013,30,26,0.2,[59.7400763585531]
F92013,30,26,0.3,[59.7400763585531]
F92013,30,26,0.4,[59.7400763585531]
F92013,30,26,0.5,[59.7400763585531]
F92013,30,26,0.6,[59.7400763585531]
F92013,30,26,0.7,[59.7400763585531]
F92013,30,26,0.8,[59.7400763585531]
F92013,30,26,0.9,[59.7400763585531]
F92013,30,26,1.0,[59.7400763585531]
F92013,30,27,0.01,[57.59788210852844]
F92013,30,27,0.1,[57.59788210852844]
F92013,30,27,0.2,[57.59788210852844]
F92013,30,27,0.3,[57.59788210852844]
F92013,30,27,0.4,[57.59788210852844]
F92013,30,27,0.5,[57.59788210852844]
F92013,30,27,0.6,[57.59788210852844]
F92013,30,27,0.7,[57.59788210852844]
F92013,30,27,0.8,[57.59788210852844]
F92013,30,27,0.9,[57.59788210852844]
F92013,30,27,1.0,[57.59788210852844]
F92013,30,28,0.01,[55.716928063281216]
F92013,30,28,0.1,[55.716928063281216]
F92013,30,28,0.2,[55.716928063281216]
F92013,30,28,0.3,[55.716928063281216]
F92013,30,28,0.4,[55.716928063281216]
F92013,30,28,0.5,[55.716928063281216]
F92013,30,28,0.6,[55.716928063281216]
F92013,30,28,0.7,[55.716928063281216]
F92013,30,28,0.8,[55.716928063281216]
F92013,30,28,0.9,[55.716928063281216]
F92013,30,28,1.0,[55.716928063281216]
F92013,30,29,0.01,[50.18347893021269]
F92013,30,29,0.1,[50.183467415736004]
F92013,30,29,0.2,[50.183467415736004]
F92013,30,29,0.3,[50.183467415736004]
F92013,30,29,0.4,[50.183467415736004]
F92013,30,29,0.5,[50.183467415736004]
F92013,30,29,0.6,[50.183467415736004]
F92013,30,29,0.7,[50.183467415736004]
F92013,30,29,0.8,[50.183467415736004]
F92013,30,29,0.9,[50.183467415736004]
F92013,30,29,1.0,[50.183467415736004]
F92013,30,30,0.01,[56.19907213636952]
F92013,30,30,0.1,[56.19907213638248]
F92013,30,30,0.2,[56.19907213638248]
F92013,30,30,0.3,[56.19907213638248]
F92013,30,30,0.4,[56.19907213638248]
F92013,30,30,0.5,[56.19907213638248]
F92013,30,30,0.6,[56.19907213638248]
F92013,30,30,0.7,[56.19907213638248]
F92013,30,30,0.8,[56.19907213638248]
F92013,30,30,0.9,[56.19907213638248]
F92013,30,30,1.0,[56.19907213638248]
F92013,30,31,0.01,[55.33864497829063]
F92013,30,31,0.1,[55.33864499535048]
F92013,30,31,0.2,[55.33864499535048]
F92013,30,31,0.3,[55.33864499535048]
F92013,30,31,0.4,[55.33864499535048]
F92013,30,31,0.5,[55.33864499535048]
F92013,30,31,0.6,[55.33864499535048]
F92013,30,31,0.7,[55.33864499535048]
F92013,30,31,0.8,[55.33864499535048]
F92013,30,31,0.9,[55.33864499535048]
F92013,30,31,1.0,[55.33864499535048]
F92013,30,32,0.01,[58.99049181805049]
F92013,30,32,0.1,[58.990491821004184]
F92013,30,32,0.2,[58.990491821004184]
F92013,30,32,0.3,[58.990491821004184]
F92013,30,32,0.4,[58.990491821004184]
F92013,30,32,0.5,[58.990491821004184]
F92013,30,32,0.6,[58.990491821004184]
F92013,30,32,0.7,[58.990491821004184]
F92013,30,32,0.8,[58.990491821004184]
F92013,30,32,0.9,[58.990491821004184]
F92013,30,32,1.0,[58.990491821004184]
F92013,30,33,0.01,[52.460055155489954]
F92013,30,33,0.1,[52.460055155493365]
F92013,30,33,0.2,[52.460055155493365]
F92013,30,33,0.3,[52.460055155493365]
F92013,30,33,0.4,[52.460055155493365]
F92013,30,33,0.5,[52.460055155493365]
F92013,30,33,0.6,[52.460055155493365]
F92013,30,33,0.7,[52.460055155493365]
F92013,30,33,0.8,[52.460055155493365]
F92013,30,33,0.9,[52.460055155493365]
F92013,30,33,1.0,[52.460055155493365]
F92013,30,34,0.01,[46.95650841733368]
F92013,30,34,0.1,[46.95650845424177]
F92013,30,34,0.2,[46.95650845424177]
F92013,30,34,0.3,[46.95650845424177]
F92013,30,34,0.4,[46.95650845424177]
F92013,30,34,0.5,[46.95650845424177]
F92013,30,34,0.6,[46.95650845424177]
F92013,30,34,0.7,[46.95650845424177]
F92013,30,34,0.8,[46.95650845424177]
F92013,30,34,0.9,[46.95650845424177]
F92013,30,34,1.0,[46.95650845424177]
F92013,30,35,0.01,[54.00272717836174]
F92013,30,35,0.1,[54.00272717836174]
F92013,30,35,0.2,[54.00272717836174]
F92013,30,35,0.3,[54.00272717836174]
F92013,30,35,0.4,[54.00272717836174]
F92013,30,35,0.5,[54.00272717836174]
F92013,30,35,0.6,[54.00272717836174]
F92013,30,35,0.7,[54.00272717836174]
F92013,30,35,0.8,[54.00272717836174]
F92013,30,35,0.9,[54.00272717836174]
F92013,30,35,1.0,[54.00272717836174]
F92013,30,36,0.01,[57.270088435643856]
F92013,30,36,0.1,[57.27008741967552]
F92013,30,36,0.2,[57.27008741967552]
F92013,30,36,0.3,[57.27008741967552]
F92013,30,36,0.4,[57.27008741967552]
F92013,30,36,0.5,[57.27008741967552]
F92013,30,36,0.6,[57.27008741967552]
F92013,30,36,0.7,[57.27008741967552]
F92013,30,36,0.8,[57.27008741967552]
F92013,30,36,0.9,[57.27008741967552]
F92013,30,36,1.0,[57.27008741967552]
F92013,30,37,0.01,[56.11998733282621]
F92013,30,37,0.1,[56.11998733282621]
F92013,30,37,0.2,[56.11998733282621]
F92013,30,37,0.3,[56.11998733282621]
F92013,30,37,0.4,[56.11998733282621]
F92013,30,37,0.5,[56.11998733282621]
F92013,30,37,0.6,[56.11998733282621]
F92013,30,37,0.7,[56.11998733282621]
F92013,30,37,0.8,[56.11998733282621]
F92013,30,37,0.9,[56.11998733282621]
F92013,30,37,1.0,[56.11998733282621]
F92013,30,38,0.01,[57.57368495574792]
F92013,30,38,0.1,[57.57368495574622]
F92013,30,38,0.2,[57.57368495574622]
F92013,30,38,0.3,[57.57368495574622]
F92013,30,38,0.4,[57.57368495574622]
F92013,30,38,0.5,[57.57368495574622]
F92013,30,38,0.6,[57.57368495574622]
F92013,30,38,0.7,[57.57368495574622]
F92013,30,38,0.8,[57.57368495574622]
F92013,30,38,0.9,[57.57368495574622]
F92013,30,38,1.0,[57.57368495574622]
F92013,30,39,0.01,[55.94489855900929]
F92013,30,39,0.1,[55.944898258941066]
F92013,30,39,0.2,[55.944898258941066]
F92013,30,39,0.3,[55.944898258941066]
F92013,30,39,0.4,[55.944898258941066]
F92013,30,39,0.5,[55.944898258941066]
F92013,30,39,0.6,[55.944898258941066]
F92013,30,39,0.7,[55.944898258941066]
F92013,30,39,0.8,[55.944898258941066]
F92013,30,39,0.9,[55.944898258941066]
F92013,30,39,1.0,[55.944898258941066]
F92013,30,40,0.01,[48.922595584715964]
F92013,30,40,0.1,[48.922595584715964]
F92013,30,40,0.2,[48.922595584715964]
F92013,30,40,0.3,[48.922595584715964]
F92013,30,40,0.4,[48.922595584715964]
F92013,30,40,0.5,[48.922595584715964]
F92013,30,40,0.6,[48.922595584715964]
F92013,30,40,0.7,[48.922595584715964]
F92013,30,40,0.8,[48.922595584715964]
F92013,30,40,0.9,[48.922595584715964]
F92013,30,40,1.0,[48.922595584715964]
F92013,30,41,0.01,[49.605397846665255]
F92013,30,41,0.1,[49.60539561397218]
F92013,30,41,0.2,[49.60539561397218]
F92013,30,41,0.3,[49.60539561397218]
F92013,30,41,0.4,[49.60539561397218]
F92013,30,41,0.5,[49.60539561397218]
F92013,30,41,0.6,[49.60539561397218]
F92013,30,41,0.7,[49.60539561397218]
F92013,30,41,0.8,[49.60539561397218]
F92013,30,41,0.9,[49.60539561397218]
F92013,30,41,1.0,[49.60539561397218]
F92013,30,42,0.01,[55.18404955845995]
F92013,30,42,0.1,[55.18404922628088]
F92013,30,42,0.2,[55.18404922628088]
F92013,30,42,0.3,[55.18404922628088]
F92013,30,42,0.4,[55.18404922628088]
F92013,30,42,0.5,[55.18404922628088]
F92013,30,42,0.6,[55.18404922628088]
F92013,30,42,0.7,[55.18404922628088]
F92013,30,42,0.8,[55.18404922628088]
F92013,30,42,0.9,[55.18404922628088]
F92013,30,42,1.0,[55.18404922628088]
F92013,30,43,0.01,[60.732758983108965]
F92013,30,43,0.1,[60.73275895413815]
F92013,30,43,0.2,[60.73275895413815]
F92013,30,43,0.3,[60.73275895413815]
F92013,30,43,0.4,[60.73275895413815]
F92013,30,43,0.5,[60.73275895413815]
F92013,30,43,0.6,[60.73275895413815]
F92013,30,43,0.7,[60.73275895413815]
F92013,30,43,0.8,[60.73275895413815]
F92013,30,43,0.9,[60.73275895413815]
F92013,30,43,1.0,[60.73275895413815]
F92013,30,44,0.01,[57.337049801947956]
F92013,30,44,0.1,[57.33704980196933]
F92013,30,44,0.2,[57.33704980196933]
F92013,30,44,0.3,[57.33704980196933]
F92013,30,44,0.4,[57.33704980196933]
F92013,30,44,0.5,[57.33704980196933]
F92013,30,44,0.6,[57.33704980196933]
F92013,30,44,0.7,[57.33704980196933]
F92013,30,44,0.8,[57.33704980196933]
F92013,30,44,0.9,[57.33704980196933]
F92013,30,44,1.0,[57.33704980196933]
F92013,30,45,0.01,[57.56491566507168]
F92013,30,45,0.1,[57.56491566507168]
F92013,30,45,0.2,[57.56491566507168]
F92013,30,45,0.3,[57.56491566507168]
F92013,30,45,0.4,[57.56491566507168]
F92013,30,45,0.5,[57.56491566507168]
F92013,30,45,0.6,[57.56491566507168]
F92013,30,45,0.7,[57.56491566507168]
F92013,30,45,0.8,[57.56491566507168]
F92013,30,45,0.9,[57.56491566507168]
F92013,30,45,1.0,[57.56491566507168]
F92013,30,46,0.01,[54.165556677983204]
F92013,30,46,0.1,[54.165440959072725]
F92013,30,46,0.2,[54.165440959072725]
F92013,30,46,0.3,[54.165440959072725]
F92013,30,46,0.4,[54.165440959072725]
F92013,30,46,0.5,[54.165440959072725]
F92013,30,46,0.6,[54.165440959072725]
F92013,30,46,0.7,[54.165440959072725]
F92013,30,46,0.8,[54.165440959072725]
F92013,30,46,0.9,[54.165440959072725]
F92013,30,46,1.0,[54.165440959072725]
F92013,30,47,0.01,[57.66487319097939]
F92013,30,47,0.1,[57.6646709724065]
F92013,30,47,0.2,[57.6646709724065]
F92013,30,47,0.3,[57.6646709724065]
F92013,30,47,0.4,[57.6646709724065]
F92013,30,47,0.5,[57.6646709724065]
F92013,30,47,0.6,[57.6646709724065]
F92013,30,47,0.7,[57.6646709724065]
F92013,30,47,0.8,[57.6646709724065]
F92013,30,47,0.9,[57.6646709724065]
F92013,30,47,1.0,[57.6646709724065]
F92013,30,48,0.01,[63.50896843098428]
F92013,30,48,0.1,[63.50896843098428]
F92013,30,48,0.2,[63.50896843098428]
F92013,30,48,0.3,[63.50896843098428]
F92013,30,48,0.4,[63.50896843098428]
F92013,30,48,0.5,[63.50896843098428]
F92013,30,48,0.6,[63.50896843098428]
F92013,30,48,0.7,[63.50896843098428]
F92013,30,48,0.8,[63.50896843098428]
F92013,30,48,0.9,[63.50896843098428]
F92013,30,48,1.0,[63.50896843098428]
F92013,30,49,0.01,[60.90959074899604]
F92013,30,49,0.1,[60.909590749007975]
F92013,30,49,0.2,[60.909590749007975]
F92013,30,49,0.3,[60.909590749007975]
F92013,30,49,0.4,[60.909590749007975]
F92013,30,49,0.5,[60.909590749007975]
F92013,30,49,0.6,[60.909590749007975]
F92013,30,49,0.7,[60.909590749007975]
F92013,30,49,0.8,[60.909590749007975]
F92013,30,49,0.9,[60.909590749007975]
F92013,30,49,1.0,[60.909590749007975]
F92013,30,50,0.01,[57.752661499990495]
F92013,30,50,0.1,[57.75266150714151]
F92013,30,50,0.2,[57.75266150714151]
F92013,30,50,0.3,[57.75266150714151]
F92013,30,50,0.4,[57.75266150714151]
F92013,30,50,0.5,[57.75266150714151]
F92013,30,50,0.6,[57.75266150714151]
F92013,30,50,0.7,[57.75266150714151]
F92013,30,50,0.8,[57.75266150714151]
F92013,30,50,0.9,[57.75266150714151]
F92013,30,50,1.0,[57.75266150714151]
F92013,50,0,0.01,[95.10584445475348]
F92013,50,0,0.1,[95.10574628786287]
F92013,50,0,0.2,[95.10574628786287]
F92013,50,0,0.3,[95.10574628786287]
F92013,50,0,0.4,[95.10574628786287]
F92013,50,0,0.5,[95.10574628786287]
F92013,50,0,0.6,[95.10574628786287]
F92013,50,0,0.7,[95.10574628786287]
F92013,50,0,0.8,[95.10574628786287]
F92013,50,0,0.9,[95.10574628786287]
F92013,50,0,1.0,[95.10574628786287]
F92013,50,1,0.01,[97.59255409350061]
F92013,50,1,0.1,[97.59255409353125]
F92013,50,1,0.2,[97.59255409353125]
F92013,50,1,0.3,[97.59255409353125]
F92013,50,1,0.4,[97.59255409353125]
F92013,50,1,0.5,[97.59255409353125]
F92013,50,1,0.6,[97.59255409353125]
F92013,50,1,0.7,[97.59255409353125]
F92013,50,1,0.8,[97.59255409353125]
F92013,50,1,0.9,[97.59255409353125]
F92013,50,1,1.0,[97.59255409353125]
F92013,50,2,0.01,[101.69095940108531]
F92013,50,2,0.1,[101.69095777159475]
F92013,50,2,0.2,[101.69095777159475]
F92013,50,2,0.3,[101.69095777159475]
F92013,50,2,0.4,[101.69095777159475]
F92013,50,2,0.5,[101.69095777159475]
F92013,50,2,0.6,[101.69095777159475]
F92013,50,2,0.7,[101.69095777159475]
F92013,50,2,0.8,[101.69095777159475]
F92013,50,2,0.9,[101.69095777159475]
F92013,50,2,1.0,[101.69095777159475]
F92013,50,3,0.01,[90.7074812460636]
F92013,50,3,0.1,[90.7074812460636]
F92013,50,3,0.2,[90.7074812460636]
F92013,50,3,0.3,[90.7074812460636]
F92013,50,3,0.4,[90.7074812460636]
F92013,50,3,0.5,[90.7074812460636]
F92013,50,3,0.6,[90.7074812460636]
F92013,50,3,0.7,[90.7074812460636]
F92013,50,3,0.8,[90.7074812460636]
F92013,50,3,0.9,[90.7074812460636]
F92013,50,3,1.0,[90.7074812460636]
F92013,50,4,0.01,[98.88037007471218]
F92013,50,4,0.1,[98.88037008503886]
F92013,50,4,0.2,[98.88037008503886]
F92013,50,4,0.3,[98.88037008503886]
F92013,50,4,0.4,[98.88037008503886]
F92013,50,4,0.5,[98.88037008503886]
F92013,50,4,0.6,[98.88037008503886]
F92013,50,4,0.7,[98.88037008503886]
F92013,50,4,0.8,[98.88037008503886]
F92013,50,4,0.9,[98.88037008503886]
F92013,50,4,1.0,[98.88037008503886]
F92013,50,5,0.01,[93.55979035178649]
F92013,50,5,0.1,[93.55691030705998]
F92013,50,5,0.2,[93.55691030705998]
F92013,50,5,0.3,[93.55691030705998]
F92013,50,5,0.4,[93.55691030705998]
F92013,50,5,0.5,[93.55691030705998]
F92013,50,5,0.6,[93.55691030705998]
F92013,50,5,0.7,[93.55691030705998]
F92013,50,5,0.8,[93.55691030705998]
F92013,50,5,0.9,[93.55691030705998]
F92013,50,5,1.0,[93.55691030705998]
F92013,50,6,0.01,[93.11264269599371]
F92013,50,6,0.1,[93.1125689913095]
F92013,50,6,0.2,[93.1125689913095]
F92013,50,6,0.3,[93.1125689913095]
F92013,50,6,0.4,[93.1125689913095]
F92013,50,6,0.5,[93.1125689913095]
F92013,50,6,0.6,[93.1125689913095]
F92013,50,6,0.7,[93.1125689913095]
F92013,50,6,0.8,[93.1125689913095]
F92013,50,6,0.9,[93.1125689913095]
F92013,50,6,1.0,[93.1125689913095]
F92013,50,7,0.01,[95.16419333140715]
F92013,50,7,0.1,[95.1641933313731]
F92013,50,7,0.2,[95.1641933313731]
F92013,50,7,0.3,[95.1641933313731]
F92013,50,7,0.4,[95.1641933313731]
F92013,50,7,0.5,[95.1641933313731]
F92013,50,7,0.6,[95.1641933313731]
F92013,50,7,0.7,[95.1641933313731]
F92013,50,7,0.8,[95.1641933313731]
F92013,50,7,0.9,[95.1641933313731]
F92013,50,7,1.0,[95.1641933313731]
F92013,50,8,0.01,[91.10470645635172]
F92013,50,8,0.1,[91.10467171116272]
F92013,50,8,0.2,[91.10467171116272]
F92013,50,8,0.3,[91.10467171116272]
F92013,50,8,0.4,[91.10467171116272]
F92013,50,8,0.5,[91.10467171116272]
F92013,50,8,0.6,[91.10467171116272]
F92013,50,8,0.7,[91.10467171116272]
F92013,50,8,0.8,[91.10467171116272]
F92013,50,8,0.9,[91.10467171116272]
F92013,50,8,1.0,[91.10467171116272]
F92013,50,9,0.01,[100.95471806663738]
F92013,50,9,0.1,[100.95471736541845]
F92013,50,9,0.2,[100.95471736541845]
F92013,50,9,0.3,[100.95471736541845]
F92013,50,9,0.4,[100.95471736541845]
F92013,50,9,0.5,[100.95471736541845]
F92013,50,9,0.6,[100.95471736541845]
F92013,50,9,0.7,[100.95471736541845]
F92013,50,9,0.8,[100.95471736541845]
F92013,50,9,0.9,[100.95471736541845]
F92013,50,9,1.0,[100.95471736541845]
F92013,50,10,0.01,[99.33286918499687]
F92013,50,10,0.1,[99.33285163571105]
F92013,50,10,0.2,[99.33285163571105]
F92013,50,10,0.3,[99.33285163571105]
F92013,50,10,0.4,[99.33285163571105]
F92013,50,10,0.5,[99.33285163571105]
F92013,50,10,0.6,[99.33285163571105]
F92013,50,10,0.7,[99.33285163571105]
F92013,50,10,0.8,[99.33285163571105]
F92013,50,10,0.9,[99.33285163571105]
F92013,50,10,1.0,[99.33285163571105]
F92013,50,11,0.01,[102.43036014516207]
F92013,50,11,0.1,[102.43035999626647]
F92013,50,11,0.2,[102.43035999626647]
F92013,50,11,0.3,[102.43035999626647]
F92013,50,11,0.4,[102.43035999626647]
F92013,50,11,0.5,[102.43035999626647]
F92013,50,11,0.6,[102.43035999626647]
F92013,50,11,0.7,[102.43035999626647]
F92013,50,11,0.8,[102.43035999626647]
F92013,50,11,0.9,[102.43035999626647]
F92013,50,11,1.0,[102.43035999626647]
F92013,50,12,0.01,[92.37679724170823]
F92013,50,12,0.1,[92.37646316609568]
F92013,50,12,0.2,[92.37646316609568]
F92013,50,12,0.3,[92.37646316609568]
F92013,50,12,0.4,[92.37646316609568]
F92013,50,12,0.5,[92.37646316609568]
F92013,50,12,0.6,[92.37646316609568]
F92013,50,12,0.7,[92.37646316609568]
F92013,50,12,0.8,[92.37646316609568]
F92013,50,12,0.9,[92.37646316609568]
F92013,50,12,1.0,[92.37646316609568]
F92013,50,13,0.01,[103.4635290637114]
F92013,50,13,0.1,[103.46324168713318]
F92013,50,13,0.2,[103.46324168713318]
F92013,50,13,0.3,[103.46324168713318]
F92013,50,13,0.4,[103.46324168713318]
F92013,50,13,0.5,[103.46324168713318]
F92013,50,13,0.6,[103.46324168713318]
F92013,50,13,0.7,[103.46324168713318]
F92013,50,13,0.8,[103.46324168713318]
F92013,50,13,0.9,[103.46324168713318]
F92013,50,13,1.0,[103.46324168713318]
F92013,50,14,0.01,[95.24919425212806]
F92013,50,14,0.1,[95.24919174054878]
F92013,50,14,0.2,[95.24919174054878]
F92013,50,14,0.3,[95.24919174054878]
F92013,50,14,0.4,[95.24919174054878]
F92013,50,14,0.5,[95.24919174054878]
F92013,50,14,0.6,[95.24919174054878]
F92013,50,14,0.7,[95.24919174054878]
F92013,50,14,0.8,[95.24919174054878]
F92013,50,14,0.9,[95.24919174054878]
F92013,50,14,1.0,[95.24919174054878]
F92013,50,15,0.01,[101.45818958373331]
F92013,50,15,0.1,[101.45726805877297]
F92013,50,15,0.2,[101.45726805877297]
F92013,50,15,0.3,[101.45726805877297]
F92013,50,15,0.4,[101.45726805877297]
F92013,50,15,0.5,[101.45726805877297]
F92013,50,15,0.6,[101.45726805877297]
F92013,50,15,0.7,[101.45726805877297]
F92013,50,15,0.8,[101.45726805877297]
F92013,50,15,0.9,[101.45726805877297]
F92013,50,15,1.0,[101.45726805877297]
F92013,50,16,0.01,[101.45818958373331]
F92013,50,16,0.1,[101.45726805877297]
F92013,50,16,0.2,[101.45726805877297]
F92013,50,16,0.3,[101.45726805877297]
F92013,50,16,0.4,[101.45726805877297]
F92013,50,16,0.5,[101.45726805877297]
F92013,50,16,0.6,[101.45726805877297]
F92013,50,16,0.7,[101.45726805877297]
F92013,50,16,0.8,[101.45726805877297]
F92013,50,16,0.9,[101.45726805877297]
F92013,50,16,1.0,[101.45726805877297]
F92013,50,17,0.01,[103.96696199985195]
F92013,50,17,0.1,[103.96683443914105]
F92013,50,17,0.2,[103.96683443914105]
F92013,50,17,0.3,[103.96683443914105]
F92013,50,17,0.4,[103.96683443914105]
F92013,50,17,0.5,[103.96683443914105]
F92013,50,17,0.6,[103.96683443914105]
F92013,50,17,0.7,[103.96683443914105]
F92013,50,17,0.8,[103.96683443914105]
F92013,50,17,0.9,[103.96683443914105]
F92013,50,17,1.0,[103.96683443914105]
F92013,50,18,0.01,[107.60953933043089]
F92013,50,18,0.1,[107.60953933376692]
F92013,50,18,0.2,[107.60953933376692]
F92013,50,18,0.3,[107.60953933376692]
F92013,50,18,0.4,[107.60953933376692]
F92013,50,18,0.5,[107.60953933376692]
F92013,50,18,0.6,[107.60953933376692]
F92013,50,18,0.7,[107.60953933376692]
F92013,50,18,0.8,[107.60953933376692]
F92013,50,18,0.9,[107.60953933376692]
F92013,50,18,1.0,[107.60953933376692]
F92013,50,19,0.01,[101.84834425172278]
F92013,50,19,0.1,[101.84646371913561]
F92013,50,19,0.2,[101.84646371913561]
F92013,50,19,0.3,[101.84646371913561]
F92013,50,19,0.4,[101.84646371913561]
F92013,50,19,0.5,[101.84646371913561]
F92013,50,19,0.6,[101.84646371913561]
F92013,50,19,0.7,[101.84646371913561]
F92013,50,19,0.8,[101.84646371913561]
F92013,50,19,0.9,[101.84646371913561]
F92013,50,19,1.0,[101.84646371913561]
F92013,50,20,0.01,[102.00914509149487]
F92013,50,20,0.1,[102.00914509149487]
F92013,50,20,0.2,[102.00914509149487]
F92013,50,20,0.3,[102.00914509149487]
F92013,50,20,0.4,[102.00914509149487]
F92013,50,20,0.5,[102.00914509149487]
F92013,50,20,0.6,[102.00914509149487]
F92013,50,20,0.7,[102.00914509149487]
F92013,50,20,0.8,[102.00914509149487]
F92013,50,20,0.9,[102.00914509149487]
F92013,50,20,1.0,[102.00914509149487]
F92013,50,21,0.01,[93.885973437382]
F92013,50,21,0.1,[93.88597344464159]
F92013,50,21,0.2,[93.88597344464159]
F92013,50,21,0.3,[93.88597344464159]
F92013,50,21,0.4,[93.88597344464159]
F92013,50,21,0.5,[93.88597344464159]
F92013,50,21,0.6,[93.88597344464159]
F92013,50,21,0.7,[93.88597344464159]
F92013,50,21,0.8,[93.88597344464159]
F92013,50,21,0.9,[93.88597344464159]
F92013,50,21,1.0,[93.88597344464159]
F92013,50,22,0.01,[106.89408021241866]
F92013,50,22,0.1,[106.89403308750428]
F92013,50,22,0.2,[106.89403308750428]
F92013,50,22,0.3,[106.89403308750428]
F92013,50,22,0.4,[106.89403308750428]
F92013,50,22,0.5,[106.89403308750428]
F92013,50,22,0.6,[106.89403308750428]
F92013,50,22,0.7,[106.89403308750428]
F92013,50,22,0.8,[106.89403308750428]
F92013,50,22,0.9,[106.89403308750428]
F92013,50,22,1.0,[106.89403308750428]
F92013,50,23,0.01,[99.05138237499625]
F92013,50,23,0.1,[99.05138237505446]
F92013,50,23,0.2,[99.05138237505446]
F92013,50,23,0.3,[99.05138237505446]
F92013,50,23,0.4,[99.05138237505446]
F92013,50,23,0.5,[99.05138237505446]
F92013,50,23,0.6,[99.05138237505446]
F92013,50,23,0.7,[99.05138237505446]
F92013,50,23,0.8,[99.05138237505446]
F92013,50,23,0.9,[99.05138237505446]
F92013,50,23,1.0,[99.05138237505446]
F92013,50,24,0.01,[97.4942655165193]
F92013,50,24,0.1,[97.4942655165247]
F92013,50,24,0.2,[97.4942655165247]
F92013,50,24,0.3,[97.4942655165247]
F92013,50,24,0.4,[97.4942655165247]
F92013,50,24,0.5,[97.4942655165247]
F92013,50,24,0.6,[97.4942655165247]
F92013,50,24,0.7,[97.4942655165247]
F92013,50,24,0.8,[97.4942655165247]
F92013,50,24,0.9,[97.4942655165247]
F92013,50,24,1.0,[97.4942655165247]
F92013,50,25,0.01,[90.9405850080775]
F92013,50,25,0.1,[90.94049553391613]
F92013,50,25,0.2,[90.94049553391613]
F92013,50,25,0.3,[90.94049553391613]
F92013,50,25,0.4,[90.94049553391613]
F92013,50,25,0.5,[90.94049553391613]
F92013,50,25,0.6,[90.94049553391613]
F92013,50,25,0.7,[90.94049553391613]
F92013,50,25,0.8,[90.94049553391613]
F92013,50,25,0.9,[90.94049553391613]
F92013,50,25,1.0,[90.94049553391613]
F92013,50,26,0.01,[93.49080020325584]
F92013,50,26,0.1,[93.49080020325584]
F92013,50,26,0.2,[93.49080020325584]
F92013,50,26,0.3,[93.49080020325584]
F92013,50,26,0.4,[93.49080020325584]
F92013,50,26,0.5,[93.49080020325584]
F92013,50,26,0.6,[93.49080020325584]
F92013,50,26,0.7,[93.49080020325584]
F92013,50,26,0.8,[93.49080020325584]
F92013,50,26,0.9,[93.49080020325584]
F92013,50,26,1.0,[93.49080020325584]
F92013,50,27,0.01,[104.91632448067162]
F92013,50,27,0.1,[104.91606293176108]
F92013,50,27,0.2,[104.91606293176108]
F92013,50,27,0.3,[104.91606293176108]
F92013,50,27,0.4,[104.91606293176108]
F92013,50,27,0.5,[104.91606293176108]
F92013,50,27,0.6,[104.91606293176108]
F92013,50,27,0.7,[104.91606293176108]
F92013,50,27,0.8,[104.91606293176108]
F92013,50,27,0.9,[104.91606293176108]
F92013,50,27,1.0,[104.91606293176108]
F92013,50,28,0.01,[90.84800015177626]
F92013,50,28,0.1,[90.84799353113561]
F92013,50,28,0.2,[90.84799353113561]
F92013,50,28,0.3,[90.84799353113561]
F92013,50,28,0.4,[90.84799353113561]
F92013,50,28,0.5,[90.84799353113561]
F92013,50,28,0.6,[90.84799353113561]
F92013,50,28,0.7,[90.84799353113561]
F92013,50,28,0.8,[90.84799353113561]
F92013,50,28,0.9,[90.84799353113561]
F92013,50,28,1.0,[90.84799353113561]
F92013,50,29,0.01,[98.47999048307406]
F92013,50,29,0.1,[98.47999048307406]
F92013,50,29,0.2,[98.47999048307406]
F92013,50,29,0.3,[98.47999048307406]
F92013,50,29,0.4,[98.47999048307406]
F92013,50,29,0.5,[98.47999048307406]
F92013,50,29,0.6,[98.47999048307406]
F92013,50,29,0.7,[98.47999048307406]
F92013,50,29,0.8,[98.47999048307406]
F92013,50,29,0.9,[98.47999048307406]
F92013,50,29,1.0,[98.47999048307406]
F92013,50,30,0.01,[102.21438320000749]
F92013,50,30,0.1,[102.2141995688221]
F92013,50,30,0.2,[102.2141995688221]
F92013,50,30,0.3,[102.2141995688221]
F92013,50,30,0.4,[102.2141995688221]
F92013,50,30,0.5,[102.2141995688221]
F92013,50,30,0.6,[102.2141995688221]
F92013,50,30,0.7,[102.2141995688221]
F92013,50,30,0.8,[102.2141995688221]
F92013,50,30,0.9,[102.2141995688221]
F92013,50,30,1.0,[102.2141995688221]
F92013,50,31,0.01,[102.21438320000749]
F92013,50,31,0.1,[102.2141995688221]
F92013,50,31,0.2,[102.2141995688221]
F92013,50,31,0.3,[102.2141995688221]
F92013,50,31,0.4,[102.2141995688221]
F92013,50,31,0.5,[102.2141995688221]
F92013,50,31,0.6,[102.2141995688221]
F92013,50,31,0.7,[102.2141995688221]
F92013,50,31,0.8,[102.2141995688221]
F92013,50,31,0.9,[102.2141995688221]
F92013,50,31,1.0,[102.2141995688221]
F92013,50,32,0.01,[103.28073307793403]
F92013,50,32,0.1,[103.28054971656212]
F92013,50,32,0.2,[103.28054971656212]
F92013,50,32,0.3,[103.28054971656212]
F92013,50,32,0.4,[103.28054971656212]
F92013,50,32,0.5,[103.28054971656212]
F92013,50,32,0.6,[103.28054971656212]
F92013,50,32,0.7,[103.28054971656212]
F92013,50,32,0.8,[103.28054971656212]
F92013,50,32,0.9,[103.28054971656212]
F92013,50,32,1.0,[103.28054971656212]
F92013,50,33,0.01,[100.49448279618821]
F92013,50,33,0.1,[100.49444385837683]
F92013,50,33,0.2,[100.49444385837683]
F92013,50,33,0.3,[100.49444385837683]
F92013,50,33,0.4,[100.49444385837683]
F92013,50,33,0.5,[100.49444385837683]
F92013,50,33,0.6,[100.49444385837683]
F92013,50,33,0.7,[100.49444385837683]
F92013,50,33,0.8,[100.49444385837683]
F92013,50,33,0.9,[100.49444385837683]
F92013,50,33,1.0,[100.49444385837683]
F92013,50,34,0.01,[97.50945396280042]
F92013,50,34,0.1,[97.50942426226516]
F92013,50,34,0.2,[97.50942426226516]
F92013,50,34,0.3,[97.50942426226516]
F92013,50,34,0.4,[97.50942426226516]
F92013,50,34,0.5,[97.50942426226516]
F92013,50,34,0.6,[97.50942426226516]
F92013,50,34,0.7,[97.50942426226516]
F92013,50,34,0.8,[97.50942426226516]
F92013,50,34,0.9,[97.50942426226516]
F92013,50,34,1.0,[97.50942426226516]
F92013,50,35,0.01,[96.52935370176971]
F92013,50,35,0.1,[96.52927029065518]
F92013,50,35,0.2,[96.52927029065518]
F92013,50,35,0.3,[96.52927029065518]
F92013,50,35,0.4,[96.52927029065518]
F92013,50,35,0.5,[96.52927029065518]
F92013,50,35,0.6,[96.52927029065518]
F92013,50,35,0.7,[96.52927029065518]
F92013,50,35,0.8,[96.52927029065518]
F92013,50,35,0.9,[96.52927029065518]
F92013,50,35,1.0,[96.52927029065518]
F92013,50,36,0.01,[93.1080086275158]
F92013,50,36,0.1,[93.1080086275158]
F92013,50,36,0.2,[93.1080086275158]
F92013,50,36,0.3,[93.1080086275158]
F92013,50,36,0.4,[93.1080086275158]
F92013,50,36,0.5,[93.1080086275158]
F92013,50,36,0.6,[93.1080086275158]
F92013,50,36,0.7,[93.1080086275158]
F92013,50,36,0.8,[93.1080086275158]
F92013,50,36,0.9,[93.1080086275158]
F92013,50,36,1.0,[93.1080086275158]
F92013,50,37,0.01,[96.12383337348462]
F92013,50,37,0.1,[96.12381983634384]
F92013,50,37,0.2,[96.12381983634384]
F92013,50,37,0.3,[96.12381983634384]
F92013,50,37,0.4,[96.12381983634384]
F92013,50,37,0.5,[96.12381983634384]
F92013,50,37,0.6,[96.12381983634384]
F92013,50,37,0.7,[96.12381983634384]
F92013,50,37,0.8,[96.12381983634384]
F92013,50,37,0.9,[96.12381983634384]
F92013,50,37,1.0,[96.12381983634384]
F92013,50,38,0.01,[102.81125144760853]
F92013,50,38,0.1,[102.81047384110656]
F92013,50,38,0.2,[102.81047384110656]
F92013,50,38,0.3,[102.81047384110656]
F92013,50,38,0.4,[102.81047384110656]
F92013,50,38,0.5,[102.81047384110656]
F92013,50,38,0.6,[102.81047384110656]
F92013,50,38,0.7,[102.81047384110656]
F92013,50,38,0.8,[102.81047384110656]
F92013,50,38,0.9,[102.81047384110656]
F92013,50,38,1.0,[102.81047384110656]
F92013,50,39,0.01,[99.09863263043309]
F92013,50,39,0.1,[99.09863263043121]
F92013,50,39,0.2,[99.09863263043121]
F92013,50,39,0.3,[99.09863263043121]
F92013,50,39,0.4,[99.09863263043121]
F92013,50,39,0.5,[99.09863263043121]
F92013,50,39,0.6,[99.09863263043121]
F92013,50,39,0.7,[99.09863263043121]
F92013,50,39,0.8,[99.09863263043121]
F92013,50,39,0.9,[99.09863263043121]
F92013,50,39,1.0,[99.09863263043121]
F92013,50,40,0.01,[98.78890042812964]
F92013,50,40,0.1,[98.78888552867573]
F92013,50,40,0.2,[98.78888552867573]
F92013,50,40,0.3,[98.78888552867573]
F92013,50,40,0.4,[98.78888552867573]
F92013,50,40,0.5,[98.78888552867573]
F92013,50,40,0.6,[98.78888552867573]
F92013,50,40,0.7,[98.78888552867573]
F92013,50,40,0.8,[98.78888552867573]
F92013,50,40,0.9,[98.78888552867573]
F92013,50,40,1.0,[98.78888552867573]
F92013,50,41,0.01,[101.82860674835877]
F92013,50,41,0.1,[101.82860674835877]
F92013,50,41,0.2,[101.82860674835877]
F92013,50,41,0.3,[101.82860674835877]
F92013,50,41,0.4,[101.82860674835877]
F92013,50,41,0.5,[101.82860674835877]
F92013,50,41,0.6,[101.82860674835877]
F92013,50,41,0.7,[101.82860674835877]
F92013,50,41,0.8,[101.82860674835877]
F92013,50,41,0.9,[101.82860674835877]
F92013,50,41,1.0,[101.82860674835877]
F92013,50,42,0.01,[102.19961303202041]
F92013,50,42,0.1,[102.19961303202041]
F92013,50,42,0.2,[102.19961303202041]
F92013,50,42,0.3,[102.19961303202041]
F92013,50,42,0.4,[102.19961303202041]
F92013,50,42,0.5,[102.19961303202041]
F92013,50,42,0.6,[102.19961303202041]
F92013,50,42,0.7,[102.19961303202041]
F92013,50,42,0.8,[102.19961303202041]
F92013,50,42,0.9,[102.19961303202041]
F92013,50,42,1.0,[102.19961303202041]
F92013,50,43,0.01,[101.0991484829475]
F92013,50,43,0.1,[101.09914855540148]
F92013,50,43,0.2,[101.09914855540148]
F92013,50,43,0.3,[101.09914855540148]
F92013,50,43,0.4,[101.09914855540148]
F92013,50,43,0.5,[101.09914855540148]
F92013,50,43,0.6,[101.09914855540148]
F92013,50,43,0.7,[101.09914855540148]
F92013,50,43,0.8,[101.09914855540148]
F92013,50,43,0.9,[101.09914855540148]
F92013,50,43,1.0,[101.09914855540148]
F92013,50,44,0.01,[96.37419756611291]
F92013,50,44,0.1,[96.37419756987248]
F92013,50,44,0.2,[96.37419756987248]
F92013,50,44,0.3,[96.37419756987248]
F92013,50,44,0.4,[96.37419756987248]
F92013,50,44,0.5,[96.37419756987248]
F92013,50,44,0.6,[96.37419756987248]
F92013,50,44,0.7,[96.37419756987248]
F92013,50,44,0.8,[96.37419756987248]
F92013,50,44,0.9,[96.37419756987248]
F92013,50,44,1.0,[96.37419756987248]
F92013,50,45,0.01,[105.41697491829251]
F92013,50,45,0.1,[105.41467268642134]
F92013,50,45,0.2,[105.41467268642134]
F92013,50,45,0.3,[105.41467268642134]
F92013,50,45,0.4,[105.41467268642134]
F92013,50,45,0.5,[105.41467268642134]
F92013,50,45,0.6,[105.41467268642134]
F92013,50,45,0.7,[105.41467268642134]
F92013,50,45,0.8,[105.41467268642134]
F92013,50,45,0.9,[105.41467268642134]
F92013,50,45,1.0,[105.41467268642134]
F92013,50,46,0.01,[97.22506823787694]
F92013,50,46,0.1,[97.22506823792486]
F92013,50,46,0.2,[97.22506823792486]
F92013,50,46,0.3,[97.22506823792486]
F92013,50,46,0.4,[97.22506823792486]
F92013,50,46,0.5,[97.22506823792486]
F92013,50,46,0.6,[97.22506823792486]
F92013,50,46,0.7,[97.22506823792486]
F92013,50,46,0.8,[97.22506823792486]
F92013,50,46,0.9,[97.22506823792486]
F92013,50,46,1.0,[97.22506823792486]
F92013,50,47,0.01,[95.7660920768331]
F92013,50,47,0.1,[95.7652763806671]
F92013,50,47,0.2,[95.7652763806671]
F92013,50,47,0.3,[95.7652763806671]
F92013,50,47,0.4,[95.7652763806671]
F92013,50,47,0.5,[95.7652763806671]
F92013,50,47,0.6,[95.7652763806671]
F92013,50,47,0.7,[95.7652763806671]
F92013,50,47,0.8,[95.7652763806671]
F92013,50,47,0.9,[95.7652763806671]
F92013,50,47,1.0,[95.7652763806671]
F92013,50,48,0.01,[98.32304489862247]
F92013,50,48,0.1,[98.32304489862247]
F92013,50,48,0.2,[98.32304489862247]
F92013,50,48,0.3,[98.32304489862247]
F92013,50,48,0.4,[98.32304489862247]
F92013,50,48,0.5,[98.32304489862247]
F92013,50,48,0.6,[98.32304489862247]
F92013,50,48,0.7,[98.32304489862247]
F92013,50,48,0.8,[98.32304489862247]
F92013,50,48,0.9,[98.32304489862247]
F92013,50,48,1.0,[98.32304489862247]
F92013,50,49,0.01,[92.0288301317758]
F92013,50,49,0.1,[92.02883013179041]
F92013,50,49,0.2,[92.02883013179041]
F92013,50,49,0.3,[92.02883013179041]
F92013,50,49,0.4,[92.02883013179041]
F92013,50,49,0.5,[92.02883013179041]
F92013,50,49,0.6,[92.02883013179041]
F92013,50,49,0.7,[92.02883013179041]
F92013,50,49,0.8,[92.02883013179041]
F92013,50,49,0.9,[92.02883013179041]
F92013,50,49,1.0,[92.02883013179041]
F92013,50,50,0.01,[91.34673371634807]
F92013,50,50,0.1,[91.34673243885447]
F92013,50,50,0.2,[91.34673243885447]
F92013,50,50,0.3,[91.34673243885447]
F92013,50,50,0.4,[91.34673243885447]
F92013,50,50,0.5,[91.34673243885447]
F92013,50,50,0.6,[91.34673243885447]
F92013,50,50,0.7,[91.34673243885447]
F92013,50,50,0.8,[91.34673243885447]
F92013,50,50,0.9,[91.34673243885447]
F92013,50,50,1.0,[91.34673243885447]
