function,dimension,run,checkpoint,error
F162013,10,0,0.01,"[0.7908518424796114, 2.3381125926971436]"
F162013,10,0,0.1,"[9.896012895548779, 23.51283311843872]"
F162013,10,0,0.2,"[0.5519775126840614, 46.89044404029846]"
F162013,10,0,0.3,"[0.4085271650146467, 70.20313167572021]"
F162013,10,0,0.4,"[2.6073636107760763, 93.5878701210022]"
F162013,10,0,0.5,"[7.473456937075667, 116.930579662323]"
F162013,10,0,0.6,"[25.068990026811548, 140.23163151741028]"
F162013,10,0,0.7,"[0.30238232623946715, 163.60959339141846]"
F162013,10,0,0.8,"[0.7609032244648972, 186.92488861083984]"
F162013,10,0,0.9,"[3.91802081873999, 211.24866342544556]"
F162013,10,0,1.0,"[0.810964331900152, 234.57273054122925]"
F162013,10,1,0.01,"[0.7392337575531087, 2.326925754547119]"
F162013,10,1,0.1,"[1.824284758236871, 23.444138050079346]"
F162013,10,1,0.2,"[0.4354725929989911, 46.786742210388184]"
F162013,10,1,0.3,"[0.5957028875306491, 70.16339206695557]"
F162013,10,1,0.4,"[2.1368526241131462, 93.54713606834412]"
F162013,10,1,0.5,"[2.7280812151248597, 116.77191090583801]"
F162013,10,1,0.6,"[0.7349593475167921, 139.88442182540894]"
F162013,10,1,0.7,"[0.16122231405836374, 163.00856637954712]"
F162013,10,1,0.8,"[0.7860884989651993, 186.1077265739441]"
F162013,10,1,0.9,"[2.24112276397247, 209.21198797225952]"
F162013,10,1,1.0,"[0.2782567199118944, 232.33272433280945]"
F162013,10,2,0.01,"[2.381051893634776, 2.3303894996643066]"
F162013,10,2,0.1,"[2.913693424559767, 23.49406147003174]"
F162013,10,2,0.2,"[2.831772268279252, 46.92339324951172]"
F162013,10,2,0.3,"[7.389177149685793, 70.33797597885132]"
F162013,10,2,0.4,"[0.5197351316704442, 93.81736779212952]"
F162013,10,2,0.5,"[0.30525298522567823, 117.28390979766846]"
F162013,10,2,0.6,"[0.9909237508810804, 140.72714853286743]"
F162013,10,2,0.7,"[3.7408519380233827, 164.18137454986572]"
F162013,10,2,0.8,"[2.0947269787729965, 187.65798449516296]"
F162013,10,2,0.9,"[0.9897157916356321, 213.77658820152283]"
F162013,10,2,1.0,"[0.1923236507844024, 239.03796696662903]"
F162013,10,3,0.01,"[4.842255614183131, 2.331817150115967]"
F162013,10,3,0.1,"[0.2821880243330668, 23.5019953250885]"
F162013,10,3,0.2,"[2.184498156978208, 46.94842314720154]"
F162013,10,3,0.3,"[5.88205873724695, 70.38810420036316]"
F162013,10,3,0.4,"[5.401675230772156, 93.87147283554077]"
F162013,10,3,0.5,"[2.5235412821533885, 117.44513773918152]"
F162013,10,3,0.6,"[0.3119465061526512, 140.9762144088745]"
F162013,10,3,0.7,"[0.3728510965569569, 164.53354477882385]"
F162013,10,3,0.8,"[0.7233113167480667, 190.448988199234]"
F162013,10,3,0.9,"[2.6711649127976216, 214.33417081832886]"
F162013,10,3,1.0,"[0.16099709453339983, 237.67674207687378]"
F162013,10,4,0.01,"[1.4403370325557887, 2.3172147274017334]"
F162013,10,4,0.1,"[5.9907156971875395, 23.296772480010986]"
F162013,10,4,0.2,"[0.5602564909144974, 46.52227520942688]"
F162013,10,4,0.3,"[2.6036785248760737, 69.64961695671082]"
F162013,10,4,0.4,"[0.22625350384825538, 92.7727632522583]"
F162013,10,4,0.5,"[0.7523852696530469, 115.85560441017151]"
F162013,10,4,0.6,"[0.16330337135340756, 138.93323230743408]"
F162013,10,4,0.7,"[6.563607106817699, 162.02459049224854]"
F162013,10,4,0.8,"[1.713670819002573, 185.0962324142456]"
F162013,10,4,0.9,"[0.2040189261022931, 208.5309910774231]"
F162013,10,4,1.0,"[0.5308291276566308, 231.64903926849365]"
F162013,10,5,0.01,"[3.941595348393122, 2.3101420402526855]"
F162013,10,5,0.1,"[2.072160443150068, 23.285105228424072]"
F162013,10,5,0.2,"[0.20140371369024024, 46.5050482749939]"
F162013,10,5,0.3,"[1.2459331881552487, 69.85581159591675]"
F162013,10,5,0.4,"[0.13684924875306592, 93.11347460746765]"
F162013,10,5,0.5,"[1.6636041442288843, 116.34414792060852]"
F162013,10,5,0.6,"[0.17278482461370004, 139.56951308250427]"
F162013,10,5,0.7,"[11.890155067862935, 162.81615900993347]"
F162013,10,5,0.8,"[1.029130256449406, 186.0304970741272]"
F162013,10,5,0.9,"[0.19191211413493647, 209.23695540428162]"
F162013,10,5,1.0,"[1.3664608564277785, 232.4251537322998]"
F162013,10,6,0.01,"[2.544962216672218, 2.302948474884033]"
F162013,10,6,0.1,"[3.5230409719914064, 23.258946895599365]"
F162013,10,6,0.2,"[0.7612802568649784, 46.45568799972534]"
F162013,10,6,0.3,"[1.6769456169956527, 69.59747457504272]"
F162013,10,6,0.4,"[0.3707959456584433, 92.743901014328]"
F162013,10,6,0.5,"[3.883931292487972, 115.87180757522583]"
F162013,10,6,0.6,"[1.4877854383335034, 138.9841184616089]"
F162013,10,6,0.7,"[0.7799140549385584, 162.10456943511963]"
F162013,10,6,0.8,"[2.508289364203364, 185.17318105697632]"
F162013,10,6,0.9,"[4.037886011189812, 208.2429232597351]"
F162013,10,6,1.0,"[1.1458518637098507, 231.33256340026855]"
F162013,10,7,0.01,"[2.4830898704496462, 2.322005033493042]"
F162013,10,7,0.1,"[6.65809361519851, 23.389552116394043]"
F162013,10,7,0.2,"[0.46981746061342733, 46.740188121795654]"
F162013,10,7,0.3,"[2.63904987682551, 70.06160926818848]"
F162013,10,7,0.4,"[0.4197334052505539, 93.43929076194763]"
F162013,10,7,0.5,"[0.851820579164297, 116.81092286109924]"
F162013,10,7,0.6,"[0.8854869061517547, 140.13788318634033]"
F162013,10,7,0.7,"[1.479879390206321, 163.49988889694214]"
F162013,10,7,0.8,"[0.18853314824505674, 186.82951068878174]"
F162013,10,7,0.9,"[1.3295691717945886, 210.29356837272644]"
F162013,10,7,1.0,"[7.569782665747169, 233.61182308197021]"
F162013,10,8,0.01,"[1.3498817551072193, 2.3092658519744873]"
F162013,10,8,0.1,"[0.8169632369937858, 23.26108956336975]"
F162013,10,8,0.2,"[0.4978024582459568, 46.45317339897156]"
F162013,10,8,0.3,"[0.5581513834919747, 69.62315797805786]"
F162013,10,8,0.4,"[0.9303554085755366, 92.8527102470398]"
F162013,10,8,0.5,"[1.1421266430430705, 116.07990837097168]"
F162013,10,8,0.6,"[0.3580239693351075, 139.2994842529297]"
F162013,10,8,0.7,"[0.35180774412958726, 162.52955222129822]"
F162013,10,8,0.8,"[0.528161464263917, 185.73696374893188]"
F162013,10,8,0.9,"[1.1524584713371553, 209.16253232955933]"
F162013,10,8,1.0,"[9.250316943410724, 232.35174679756165]"
F162013,10,9,0.01,"[1.9633553834010797, 2.317002058029175]"
F162013,10,9,0.1,"[0.4779707179430659, 23.384823083877563]"
F162013,10,9,0.2,"[0.3543169341430712, 46.67327904701233]"
F162013,10,9,0.3,"[0.5469552287790691, 69.85552501678467]"
F162013,10,9,0.4,"[0.23873868654388275, 93.03364491462708]"
F162013,10,9,0.5,"[17.188801252093924, 116.17744159698486]"
F162013,10,9,0.6,"[0.9909332721947806, 139.31959128379822]"
F162013,10,9,0.7,"[1.531983679875509, 162.4688184261322]"
F162013,10,9,0.8,"[0.29196924693854953, 185.59217071533203]"
F162013,10,9,0.9,"[0.16487971436097837, 208.71645855903625]"
F162013,10,9,1.0,"[2.1479530959664146, 231.9058210849762]"
F162013,10,10,0.01,"[1.332422133324684, 2.3277440071105957]"
F162013,10,10,0.1,"[1.203341895569963, 23.370583295822144]"
F162013,10,10,0.2,"[0.6974043970569141, 46.6448712348938]"
F162013,10,10,0.3,"[0.3530213577217296, 69.8570909500122]"
F162013,10,10,0.4,"[1.243294712496322, 93.07492995262146]"
F162013,10,10,0.5,"[1.7633057603116242, 116.2480309009552]"
F162013,10,10,0.6,"[1.9923632326840561, 139.4191930294037]"
F162013,10,10,0.7,"[2.0244659075295885, 162.59843277931213]"
F162013,10,10,0.8,"[0.5104224051991082, 185.7527596950531]"
F162013,10,10,0.9,"[0.5487751052500869, 208.9198441505432]"
F162013,10,10,1.0,"[0.9120693286604649, 232.10668516159058]"
F162013,10,11,0.01,"[2.2224132901149574, 2.349785804748535]"
F162013,10,11,0.1,"[0.6820983244779484, 23.48276114463806]"
F162013,10,11,0.2,"[2.391697234933332, 46.852997064590454]"
F162013,10,11,0.3,"[7.702996982415556, 70.17672944068909]"
F162013,10,11,0.4,"[1.4223031116412699, 93.45230650901794]"
F162013,10,11,0.5,"[0.9487661859759839, 116.70933127403259]"
F162013,10,11,0.6,"[0.6247362472977613, 139.94128608703613]"
F162013,10,11,0.7,"[2.7721979586337966, 163.1986050605774]"
F162013,10,11,0.8,"[1.0441260851976608, 186.44989609718323]"
F162013,10,11,0.9,"[1.775996190575313, 209.71362733840942]"
F162013,10,11,1.0,"[5.305964933534227, 232.9835135936737]"
F162013,10,12,0.01,"[0.5730217693112536, 2.2929883003234863]"
F162013,10,12,0.1,"[2.5647802332107688, 23.160646200180054]"
F162013,10,12,0.2,"[1.4731127472821015, 46.286829471588135]"
F162013,10,12,0.3,"[0.733004635493586, 69.38638043403625]"
F162013,10,12,0.4,"[1.0506647830166571, 92.5356833934784]"
F162013,10,12,0.5,"[1.910417078793273, 115.67319750785828]"
F162013,10,12,0.6,"[0.22531693251292495, 138.79440474510193]"
F162013,10,12,0.7,"[4.605159649963895, 161.91365146636963]"
F162013,10,12,0.8,"[0.44389687761741925, 184.95782852172852]"
F162013,10,12,0.9,"[4.83760279321271, 207.98888731002808]"
F162013,10,12,1.0,"[0.6445949007094782, 231.02446746826172]"
F162013,10,13,0.01,"[6.7409887436159295, 2.3000502586364746]"
F162013,10,13,0.1,"[1.3369598419604358, 23.130695581436157]"
F162013,10,13,0.2,"[0.9762245858510425, 46.19160556793213]"
F162013,10,13,0.3,"[1.5064600591387887, 69.22750782966614]"
F162013,10,13,0.4,"[0.36325625237105896, 92.30629277229309]"
F162013,10,13,0.5,"[0.5557835938617188, 115.37919473648071]"
F162013,10,13,0.6,"[4.432605017194362, 138.41255688667297]"
F162013,10,13,0.7,"[2.383723982342019, 161.47541975975037]"
F162013,10,13,0.8,"[2.672301401750701, 184.5174458026886]"
F162013,10,13,0.9,"[2.5908973657382433, 207.571519613266]"
F162013,10,13,1.0,"[1.3456634242618861, 230.64528846740723]"
F162013,10,14,0.01,"[2.12123302253886, 2.3201727867126465]"
F162013,10,14,0.1,"[0.4272708767344966, 23.392305374145508]"
F162013,10,14,0.2,"[0.23835214538868854, 46.7024199962616]"
F162013,10,14,0.3,"[0.27643501578148744, 69.95694971084595]"
F162013,10,14,0.4,"[0.6739534754737235, 93.20980381965637]"
F162013,10,14,0.5,"[0.20636741470528364, 116.69117641448975]"
F162013,10,14,0.6,"[2.288672701078127, 139.9490339756012]"
F162013,10,14,0.7,"[1.4990301194311257, 163.21967720985413]"
F162013,10,14,0.8,"[0.6549070116422797, 186.4404308795929]"
F162013,10,14,0.9,"[0.4564339217207305, 209.65128016471863]"
F162013,10,14,1.0,"[0.52951210494831, 232.86206078529358]"
F162013,10,15,0.01,"[2.2735317618538033, 2.3115432262420654]"
F162013,10,15,0.1,"[1.6890290934032919, 23.35590434074402]"
F162013,10,15,0.2,"[0.43306132433977496, 46.655338287353516]"
F162013,10,15,0.3,"[6.174725663243294, 69.93248224258423]"
F162013,10,15,0.4,"[1.5914067483327585, 93.24278044700623]"
F162013,10,15,0.5,"[8.110617355533378, 116.50896883010864]"
F162013,10,15,0.6,"[0.5435764821095859, 139.7432255744934]"
F162013,10,15,0.7,"[1.0129728273855676, 162.9952790737152]"
F162013,10,15,0.8,"[1.8211040500106321, 186.28820776939392]"
F162013,10,15,0.9,"[2.521148665762439, 210.03902530670166]"
F162013,10,15,1.0,"[1.2198935467221759, 233.31305837631226]"
F162013,10,16,0.01,"[6.042842052212933, 2.318402051925659]"
F162013,10,16,0.1,"[1.2917701863266302, 23.34961748123169]"
F162013,10,16,0.2,"[1.4153699465225031, 46.637085914611816]"
F162013,10,16,0.3,"[1.6543903514343867, 69.90977597236633]"
F162013,10,16,0.4,"[4.774308152207539, 93.2148106098175]"
F162013,10,16,0.5,"[2.475301844636107, 116.58535885810852]"
F162013,10,16,0.6,"[1.5743048240521773, 139.8694121837616]"
F162013,10,16,0.7,"[1.0556105623390977, 163.2073221206665]"
F162013,10,16,0.8,"[1.2678812173736844, 186.51697707176208]"
F162013,10,16,0.9,"[1.3945055908232291, 210.16939997673035]"
F162013,10,16,1.0,"[0.3305781355677482, 233.46340441703796]"
F162013,10,17,0.01,"[8.273632611477012, 2.3136959075927734]"
F162013,10,17,0.1,"[13.518509686352758, 23.336949825286865]"
F162013,10,17,0.2,"[4.837380743521891, 46.654162645339966]"
F162013,10,17,0.3,"[2.8553075324630868, 69.92518496513367]"
F162013,10,17,0.4,"[2.724868556888026, 93.22401452064514]"
F162013,10,17,0.5,"[1.7802377753901624, 116.55792713165283]"
F162013,10,17,0.6,"[1.9555389603632705, 139.89453530311584]"
F162013,10,17,0.7,"[1.1877156701226852, 163.2314338684082]"
F162013,10,17,0.8,"[0.20842743682257492, 186.63910746574402]"
F162013,10,17,0.9,"[0.37572349561816054, 210.15650463104248]"
F162013,10,17,1.0,"[0.6513962545272136, 233.48827862739563]"
F162013,10,18,0.01,"[1.3605832651021217, 2.3100650310516357]"
F162013,10,18,0.1,"[0.38953609015464963, 23.32381534576416]"
F162013,10,18,0.2,"[2.554268615488496, 46.61201047897339]"
F162013,10,18,0.3,"[0.9951220577414119, 69.83775925636292]"
F162013,10,18,0.4,"[1.2451375054682785, 93.10246014595032]"
F162013,10,18,0.5,"[0.17265686741353647, 116.35784435272217]"
F162013,10,18,0.6,"[1.240955058818571, 139.58385372161865]"
F162013,10,18,0.7,"[0.2785140255538181, 162.80996179580688]"
F162013,10,18,0.8,"[1.298417143989866, 186.02798199653625]"
F162013,10,18,0.9,"[0.7444095787253957, 209.4136254787445]"
F162013,10,18,1.0,"[1.8733334129293837, 232.62911915779114]"
F162013,10,19,0.01,"[3.805101255804942, 2.3006205558776855]"
F162013,10,19,0.1,"[0.771422806007763, 23.183000802993774]"
F162013,10,19,0.2,"[1.459169558914624, 46.33120083808899]"
F162013,10,19,0.3,"[2.706428917181256, 69.46464085578918]"
F162013,10,19,0.4,"[0.9884173860373551, 92.64887714385986]"
F162013,10,19,0.5,"[2.484249919691706, 115.81894016265869]"
F162013,10,19,0.6,"[1.1727924684818731, 138.96958899497986]"
F162013,10,19,0.7,"[0.220286982901996, 162.1168394088745]"
F162013,10,19,0.8,"[0.6022490060393295, 185.2501561641693]"
F162013,10,19,0.9,"[1.461044770061335, 208.3778781890869]"
F162013,10,19,1.0,"[2.390079814861849, 231.53586053848267]"
F162013,10,20,0.01,"[3.786417218499821, 2.3019607067108154]"
F162013,10,20,0.1,"[0.568831498093914, 23.180975675582886]"
F162013,10,20,0.2,"[8.100456672231985, 46.333171129226685]"
F162013,10,20,0.3,"[3.1362855354266514, 69.48502349853516]"
F162013,10,20,0.4,"[0.34579990745424993, 92.67127680778503]"
F162013,10,20,0.5,"[1.5544766527238494, 115.84864592552185]"
F162013,10,20,0.6,"[5.2632447257268495, 139.00528573989868]"
F162013,10,20,0.7,"[0.40572310616295226, 162.1791172027588]"
F162013,10,20,0.8,"[0.22984145319600202, 185.3336877822876]"
F162013,10,20,0.9,"[15.57611372622415, 208.76749873161316]"
F162013,10,20,1.0,"[3.4458590313417687, 232.03678011894226]"
F162013,10,21,0.01,"[6.232573227963542, 2.299875497817993]"
F162013,10,21,0.1,"[1.7432013742590868, 23.188211679458618]"
F162013,10,21,0.2,"[1.3701911310494665, 46.345203161239624]"
F162013,10,21,0.3,"[0.7723258313001509, 69.4294548034668]"
F162013,10,21,0.4,"[4.804186424273155, 92.50613045692444]"
F162013,10,21,0.5,"[0.16428152575423383, 115.56083035469055]"
F162013,10,21,0.6,"[2.777063637063492, 138.6078746318817]"
F162013,10,21,0.7,"[0.5617468628085192, 161.65183806419373]"
F162013,10,21,0.8,"[0.5249272480994591, 184.6754858493805]"
F162013,10,21,0.9,"[1.0328290357599599, 207.72295951843262]"
F162013,10,21,1.0,"[0.19500297266850453, 230.78056955337524]"
F162013,10,22,0.01,"[2.107615121064555, 2.3060524463653564]"
F162013,10,22,0.1,"[0.311781048865555, 23.2501437664032]"
F162013,10,22,0.2,"[0.6112675864317225, 46.44671940803528]"
F162013,10,22,0.3,"[3.1022317388925558, 69.59640836715698]"
F162013,10,22,0.4,"[2.0714767746651717, 92.73616886138916]"
F162013,10,22,0.5,"[0.7835516690227564, 115.84742736816406]"
F162013,10,22,0.6,"[4.891645733247628, 138.95761632919312]"
F162013,10,22,0.7,"[1.9946579781895935, 162.05716943740845]"
F162013,10,22,0.8,"[1.0546256710002808, 185.15044021606445]"
F162013,10,22,0.9,"[2.1429466740722773, 208.248455286026]"
F162013,10,22,1.0,"[0.5877911571040215, 231.36290645599365]"
F162013,10,23,0.01,"[8.023927700346434, 2.314359426498413]"
F162013,10,23,0.1,"[0.6634882731305822, 23.282005310058594]"
F162013,10,23,0.2,"[1.3214553132196158, 46.495296478271484]"
F162013,10,23,0.3,"[4.413528856695223, 69.6998655796051]"
F162013,10,23,0.4,"[0.8092252938359081, 92.88439321517944]"
F162013,10,23,0.5,"[10.651672716571284, 116.03190875053406]"
F162013,10,23,0.6,"[0.3077973922312083, 139.18801045417786]"
F162013,10,23,0.7,"[1.0461927612987552, 162.37621140480042]"
F162013,10,23,0.8,"[0.8349408782723913, 185.51486563682556]"
F162013,10,23,0.9,"[0.9239780395355695, 208.6367049217224]"
F162013,10,23,1.0,"[0.24031577260461745, 231.81564044952393]"
F162013,10,24,0.01,"[12.157870570548994, 2.298445463180542]"
F162013,10,24,0.1,"[1.0197121915437606, 23.16399574279785]"
F162013,10,24,0.2,"[1.124650313335053, 46.27491092681885]"
F162013,10,24,0.3,"[3.309999953806141, 69.3241286277771]"
F162013,10,24,0.4,"[0.1993073885017509, 92.38614773750305]"
F162013,10,24,0.5,"[14.23820223105784, 115.40305781364441]"
F162013,10,24,0.6,"[0.6503755133616949, 138.4104824066162]"
F162013,10,24,0.7,"[12.909615950983891, 161.4224135875702]"
F162013,10,24,0.8,"[0.41330665326719895, 184.41921544075012]"
F162013,10,24,0.9,"[0.40500786375471876, 207.92375373840332]"
F162013,10,24,1.0,"[0.3531445487835754, 230.9608347415924]"
F162013,10,25,0.01,"[4.57619025594542, 2.2993383407592773]"
F162013,10,25,0.1,"[0.11737183553981367, 23.170833349227905]"
F162013,10,25,0.2,"[1.286668101469246, 46.289145946502686]"
F162013,10,25,0.3,"[0.34825559139403595, 69.39634323120117]"
F162013,10,25,0.4,"[0.3908236205479625, 92.54414582252502]"
F162013,10,25,0.5,"[0.3558380073341141, 115.69544005393982]"
F162013,10,25,0.6,"[2.8981110915097474, 138.8171148300171]"
F162013,10,25,0.7,"[2.6520189859208187, 161.95097517967224]"
F162013,10,25,0.8,"[0.5699655887843846, 185.0626835823059]"
F162013,10,25,0.9,"[9.663905610369369, 208.1777365207672]"
F162013,10,25,1.0,"[2.8084656670597496, 231.32774901390076]"
F162013,10,26,0.01,"[5.758620799335603, 2.3034257888793945]"
F162013,10,26,0.1,"[0.13097949141609888, 23.19259786605835]"
F162013,10,26,0.2,"[0.14736226221549487, 46.34022259712219]"
F162013,10,26,0.3,"[1.2858267824058487, 69.47564244270325]"
F162013,10,26,0.4,"[0.46263178762333723, 92.64358162879944]"
F162013,10,26,0.5,"[0.44008502982495656, 115.79621577262878]"
F162013,10,26,0.6,"[5.054766002770151, 138.93054485321045]"
F162013,10,26,0.7,"[0.5504387313757206, 162.06808590888977]"
F162013,10,26,0.8,"[11.249612571842306, 185.19225931167603]"
F162013,10,26,0.9,"[1.502597097969641, 208.31031918525696]"
F162013,10,26,1.0,"[1.3034518027122033, 231.4591042995453]"
F162013,10,27,0.01,"[6.1341141532513745, 2.307297945022583]"
F162013,10,27,0.1,"[1.2903694099262566, 23.213380575180054]"
F162013,10,27,0.2,"[0.33544682414319027, 46.37105083465576]"
F162013,10,27,0.3,"[1.2675725112139276, 69.51063251495361]"
F162013,10,27,0.4,"[0.42410489762059456, 92.69738149642944]"
F162013,10,27,0.5,"[0.35682470443504144, 115.88622403144836]"
F162013,10,27,0.6,"[0.628599473658852, 139.04076528549194]"
F162013,10,27,0.7,"[0.9062219469180093, 162.20645236968994]"
F162013,10,27,0.8,"[11.085533764904113, 185.36147356033325]"
F162013,10,27,0.9,"[0.4168019660119171, 208.50835967063904]"
F162013,10,27,1.0,"[0.6252075957554268, 231.66827297210693]"
F162013,10,28,0.01,"[3.588229134903031, 2.304924726486206]"
F162013,10,28,0.1,"[0.15445993833895955, 23.23568367958069]"
F162013,10,28,0.2,"[0.4694681616438743, 46.449060916900635]"
F162013,10,28,0.3,"[5.193057939345408, 69.6772255897522]"
F162013,10,28,0.4,"[1.0821526520239502, 92.9792971611023]"
F162013,10,28,0.5,"[0.9822666824800592, 116.21603322029114]"
F162013,10,28,0.6,"[4.520709063506956, 139.4306025505066]"
F162013,10,28,0.7,"[0.8994604138375735, 162.66532254219055]"
F162013,10,28,0.8,"[1.3487135472935563, 185.89663314819336]"
F162013,10,28,0.9,"[2.413754996860945, 209.2613844871521]"
F162013,10,28,1.0,"[1.2547344696413916, 232.45129823684692]"
F162013,10,29,0.01,"[1.7181752480119314, 2.330641269683838]"
F162013,10,29,0.1,"[9.909492913035564, 23.495996475219727]"
F162013,10,29,0.2,"[0.7248809898116519, 46.96060252189636]"
F162013,10,29,0.3,"[0.4220717536219354, 70.3572084903717]"
F162013,10,29,0.4,"[1.42283974316328, 93.77078795433044]"
F162013,10,29,0.5,"[0.24252993054165017, 117.16867446899414]"
F162013,10,29,0.6,"[0.9190437988584392, 140.5026969909668]"
F162013,10,29,0.7,"[7.4002264497576675, 163.86656594276428]"
F162013,10,29,0.8,"[0.5791554281211688, 187.18460369110107]"
F162013,10,29,0.9,"[0.3944378213001585, 210.52814602851868]"
F162013,10,29,1.0,"[0.6025885090262477, 233.86368656158447]"
F162013,10,30,0.01,"[0.9857771982915438, 2.3187313079833984]"
F162013,10,30,0.1,"[1.2687353501224834, 23.38094449043274]"
F162013,10,30,0.2,"[1.0721100486389332, 46.71351361274719]"
F162013,10,30,0.3,"[2.531840233867939, 70.00859189033508]"
F162013,10,30,0.4,"[13.171351755635442, 93.30253052711487]"
F162013,10,30,0.5,"[0.6359774510983414, 116.57074117660522]"
F162013,10,30,0.6,"[1.0436445185672483, 139.84758877754211]"
F162013,10,30,0.7,"[0.7286346511024817, 163.1461203098297]"
F162013,10,30,0.8,"[0.9100086206774449, 186.4132559299469]"
F162013,10,30,0.9,"[0.42648829870921645, 209.69643545150757]"
F162013,10,30,1.0,"[0.9354103499104838, 232.95787930488586]"
F162013,10,31,0.01,"[4.787955737026749, 2.658313751220703]"
F162013,10,31,0.1,"[5.567574285735361, 26.557942867279053]"
F162013,10,31,0.2,"[0.8671086269127102, 53.0598623752594]"
F162013,10,31,0.3,"[0.6985679906798055, 79.5244824886322]"
F162013,10,31,0.4,"[1.7062235144146882, 106.04734468460083]"
F162013,10,31,0.5,"[0.3220348578441019, 129.54924368858337]"
F162013,10,31,0.6,"[2.9962669981889576, 152.91005206108093]"
F162013,10,31,0.7,"[2.5471546733512582, 176.30529284477234]"
F162013,10,31,0.8,"[0.5781992978142512, 199.98608922958374]"
F162013,10,31,0.9,"[0.7666438999498553, 223.3651089668274]"
F162013,10,31,1.0,"[0.9076826769234003, 247.50025248527527]"
F162013,10,32,0.01,"[9.211429996211905, 2.3116822242736816]"
F162013,10,32,0.1,"[2.399691341814787, 23.26802158355713]"
F162013,10,32,0.2,"[0.3241442001435644, 46.48069715499878]"
F162013,10,32,0.3,"[2.9341594885527513, 69.65134334564209]"
F162013,10,32,0.4,"[0.3389662134532614, 92.83159375190735]"
F162013,10,32,0.5,"[1.1350428223415463, 115.9692313671112]"
F162013,10,32,0.6,"[4.912730910805919, 139.10035347938538]"
F162013,10,32,0.7,"[0.28284174910749016, 162.24909925460815]"
F162013,10,32,0.8,"[0.44839095877313184, 185.40871596336365]"
F162013,10,32,0.9,"[6.003764896869967, 208.98699355125427]"
F162013,10,32,1.0,"[0.2966181789653035, 232.1746973991394]"
F162013,10,33,0.01,"[6.299618233813675, 2.3169105052948]"
F162013,10,33,0.1,"[2.014935579246071, 23.28583264350891]"
F162013,10,33,0.2,"[0.4964177107974308, 46.50409007072449]"
F162013,10,33,0.3,"[4.047660172975441, 69.68606066703796]"
F162013,10,33,0.4,"[0.6079254402772563, 92.88735222816467]"
F162013,10,33,0.5,"[0.47143243074822294, 116.05721354484558]"
F162013,10,33,0.6,"[0.3752785902939024, 139.21785163879395]"
F162013,10,33,0.7,"[6.652167956030411, 162.38374972343445]"
F162013,10,33,0.8,"[0.5612715652489726, 185.66781067848206]"
F162013,10,33,0.9,"[0.7101875587921143, 209.00340127944946]"
F162013,10,33,1.0,"[0.3827161543591444, 232.21260333061218]"
F162013,10,34,0.01,"[7.672777979215425, 2.298532485961914]"
F162013,10,34,0.1,"[0.151443426475538, 23.207246780395508]"
F162013,10,34,0.2,"[0.6659113711439204, 46.38976216316223]"
F162013,10,34,0.3,"[0.33496773815610936, 69.4895658493042]"
F162013,10,34,0.4,"[2.2713041391878335, 92.60044360160828]"
F162013,10,34,0.5,"[0.48400670224560827, 115.71720767021179]"
F162013,10,34,0.6,"[0.1926133639589125, 138.87328267097473]"
F162013,10,34,0.7,"[0.35749788556825024, 162.02528190612793]"
F162013,10,34,0.8,"[1.5792772987289538, 185.1553099155426]"
F162013,10,34,0.9,"[4.741950256274237, 208.3767569065094]"
F162013,10,34,1.0,"[1.2828640001847873, 231.50030541419983]"
F162013,10,35,0.01,"[4.202767412590617, 2.3145487308502197]"
F162013,10,35,0.1,"[1.0222525391520492, 23.31144666671753]"
F162013,10,35,0.2,"[0.5576388383627204, 46.530109882354736]"
F162013,10,35,0.3,"[0.2859188760812117, 69.72421002388]"
F162013,10,35,0.4,"[0.87269412839197, 92.91815495491028]"
F162013,10,35,0.5,"[1.7648536110361306, 116.07148051261902]"
F162013,10,35,0.6,"[1.312656723000913, 139.23792433738708]"
F162013,10,35,0.7,"[0.7474184284247656, 162.4507155418396]"
F162013,10,35,0.8,"[1.3172003114524102, 185.6076352596283]"
F162013,10,35,0.9,"[0.10013115800319383, 208.78123569488525]"
F162013,10,35,1.0,"[9.59464700797841, 232.00073790550232]"
F162013,10,36,0.01,"[2.9617059303474207, 2.3151895999908447]"
F162013,10,36,0.1,"[0.6059965282253756, 23.320680618286133]"
F162013,10,36,0.2,"[1.239155393598196, 46.619364738464355]"
F162013,10,36,0.3,"[4.243253336623269, 69.89304757118225]"
F162013,10,36,0.4,"[4.509619797698377, 93.18835806846619]"
F162013,10,36,0.5,"[6.6588320442573945, 117.70841860771179]"
F162013,10,36,0.6,"[1.3368618018841687, 144.01366448402405]"
F162013,10,36,0.7,"[2.2547347731990044, 170.38647961616516]"
F162013,10,36,0.8,"[1.5714461552849173, 193.80832529067993]"
F162013,10,36,0.9,"[12.893877863427889, 217.05375385284424]"
F162013,10,36,1.0,"[2.1072161424813203, 240.0933394432068]"
F162013,10,37,0.01,"[1.3847591358093894, 2.314748525619507]"
F162013,10,37,0.1,"[0.8290715442541341, 23.29187250137329]"
F162013,10,37,0.2,"[0.4776880529594223, 46.51785492897034]"
F162013,10,37,0.3,"[0.7963527458937278, 69.70081543922424]"
F162013,10,37,0.4,"[0.6719925790397951, 92.88465595245361]"
F162013,10,37,0.5,"[7.182028355323638, 116.03134512901306]"
F162013,10,37,0.6,"[6.474990837018254, 139.17125129699707]"
F162013,10,37,0.7,"[2.688456768636314, 162.31839537620544]"
F162013,10,37,0.8,"[1.1776715257119008, 185.46654748916626]"
F162013,10,37,0.9,"[0.39195114558114597, 208.60136198997498]"
F162013,10,37,1.0,"[8.284862828214699, 231.7972936630249]"
F162013,10,38,0.01,"[0.530594127444715, 2.3222265243530273]"
F162013,10,38,0.1,"[0.7551890747776611, 23.386096000671387]"
F162013,10,38,0.2,"[0.42292347310961986, 46.714876890182495]"
F162013,10,38,0.3,"[1.6338279721736342, 69.99427676200867]"
F162013,10,38,0.4,"[1.1730851265451463, 93.26401162147522]"
F162013,10,38,0.5,"[0.7662801999659905, 116.49051904678345]"
F162013,10,38,0.6,"[7.665081337198643, 139.72261118888855]"
F162013,10,38,0.7,"[0.2412124868911576, 163.0002954006195]"
F162013,10,38,0.8,"[0.8372538532188685, 186.21819019317627]"
F162013,10,38,0.9,"[0.25407610406662684, 209.44252920150757]"
F162013,10,38,1.0,"[0.6759684927713749, 232.669686794281]"
F162013,10,39,0.01,"[3.451020589197384, 2.323803186416626]"
F162013,10,39,0.1,"[0.1637945128484546, 23.462523698806763]"
F162013,10,39,0.2,"[0.035696995180103386, 46.89003658294678]"
F162013,10,39,0.3,"[8.131185483742058, 70.25163698196411]"
F162013,10,39,0.4,"[0.7436061781970693, 93.62835216522217]"
F162013,10,39,0.5,"[0.8348551835249793, 116.94928026199341]"
F162013,10,39,0.6,"[3.8724411198539315, 140.26087641716003]"
F162013,10,39,0.7,"[1.6011891041168838, 163.59924387931824]"
F162013,10,39,0.8,"[4.456448110827353, 186.90442991256714]"
F162013,10,39,0.9,"[1.138589996545079, 210.24784517288208]"
F162013,10,39,1.0,"[0.4689752118106014, 233.5609312057495]"
F162013,10,40,0.01,"[7.2186932560528305, 2.3267486095428467]"
F162013,10,40,0.1,"[3.971421669128233, 23.624520778656006]"
F162013,10,40,0.2,"[0.35903017068145004, 47.25205636024475]"
F162013,10,40,0.3,"[0.2886526570154615, 70.86186528205872]"
F162013,10,40,0.4,"[0.2636989855480749, 94.50931787490845]"
F162013,10,40,0.5,"[0.3960785800309736, 118.12057042121887]"
F162013,10,40,0.6,"[0.36879035918585146, 141.7302417755127]"
F162013,10,40,0.7,"[1.2423156415593155, 165.33346247673035]"
F162013,10,40,0.8,"[2.367204292365585, 188.91561818122864]"
F162013,10,40,0.9,"[0.23243810459607062, 212.54622673988342]"
F162013,10,40,1.0,"[2.357575611145421, 236.0416648387909]"
F162013,10,41,0.01,"[4.420624415054817, 2.3139960765838623]"
F162013,10,41,0.1,"[0.9745344895125356, 23.275261402130127]"
F162013,10,41,0.2,"[0.2439747293050516, 46.49996256828308]"
F162013,10,41,0.3,"[5.9021699305075686, 69.75051856040955]"
F162013,10,41,0.4,"[0.6185170109454532, 92.93135523796082]"
F162013,10,41,0.5,"[2.572955319667841, 116.05918264389038]"
F162013,10,41,0.6,"[0.1964463693557832, 139.14795398712158]"
F162013,10,41,0.7,"[0.20079141395774514, 162.2455666065216]"
F162013,10,41,0.8,"[3.9870325298212492, 185.30719661712646]"
F162013,10,41,0.9,"[4.473311530712067, 208.36436581611633]"
F162013,10,41,1.0,"[1.982527460368317, 231.46351051330566]"
F162013,10,42,0.01,"[1.4105860199730103, 2.306868076324463]"
F162013,10,42,0.1,"[0.6466196905078618, 23.277271032333374]"
F162013,10,42,0.2,"[1.9034536712028682, 46.49346971511841]"
F162013,10,42,0.3,"[3.7745346909452735, 69.66593146324158]"
F162013,10,42,0.4,"[0.16810610735973341, 92.83875274658203]"
F162013,10,42,0.5,"[0.6615054805821785, 116.04557156562805]"
F162013,10,42,0.6,"[1.840697484102236, 139.17597675323486]"
F162013,10,42,0.7,"[7.143105347165431, 162.30904912948608]"
F162013,10,42,0.8,"[0.8784665284137816, 185.4285876750946]"
F162013,10,42,0.9,"[2.861196414072168, 208.5700237751007]"
F162013,10,42,1.0,"[4.071541944835843, 231.73594617843628]"
F162013,10,43,0.01,"[2.70197997491033, 2.3123698234558105]"
F162013,10,43,0.1,"[4.190844991435085, 23.308377742767334]"
F162013,10,43,0.2,"[0.6649751958377976, 46.59073758125305]"
F162013,10,43,0.3,"[5.902232326931397, 69.86610722541809]"
F162013,10,43,0.4,"[0.2533548888612245, 93.17410588264465]"
F162013,10,43,0.5,"[0.534656614077619, 116.44081377983093]"
F162013,10,43,0.6,"[0.4167932584043683, 139.68071055412292]"
F162013,10,43,0.7,"[1.7106288486058077, 162.93380212783813]"
F162013,10,43,0.8,"[1.1555756146113083, 186.19894170761108]"
F162013,10,43,0.9,"[1.6479361301453253, 209.4521825313568]"
F162013,10,43,1.0,"[1.2010895146810583, 232.68535590171814]"
F162013,10,44,0.01,"[4.609022396721855, 2.321845054626465]"
F162013,10,44,0.1,"[1.3017319510384198, 23.3986496925354]"
F162013,10,44,0.2,"[1.8884880076389265, 46.75272536277771]"
F162013,10,44,0.3,"[0.7143313831565763, 70.05637240409851]"
F162013,10,44,0.4,"[0.5379204871991021, 93.31990814208984]"
F162013,10,44,0.5,"[10.49039518977105, 116.54542517662048]"
F162013,10,44,0.6,"[1.2903869681477715, 139.75186586380005]"
F162013,10,44,0.7,"[0.14853812655070442, 162.95315170288086]"
F162013,10,44,0.8,"[0.5486938448591445, 186.1287043094635]"
F162013,10,44,0.9,"[1.98190686936897, 209.32577419281006]"
F162013,10,44,1.0,"[0.29618406037482714, 232.53447341918945]"
F162013,10,45,0.01,"[4.58723628197626, 2.31036114692688]"
F162013,10,45,0.1,"[2.564487132351445, 23.260935306549072]"
F162013,10,45,0.2,"[1.5403005931223959, 46.49736928939819]"
F162013,10,45,0.3,"[0.5643008393261653, 69.70624589920044]"
F162013,10,45,0.4,"[1.262863582345318, 92.95912170410156]"
F162013,10,45,0.5,"[0.16682385452119775, 116.19626593589783]"
F162013,10,45,0.6,"[0.26663605813541835, 139.41718578338623]"
F162013,10,45,0.7,"[1.2199787778949371, 162.7595944404602]"
F162013,10,45,0.8,"[0.730531253541983, 185.98200917243958]"
F162013,10,45,0.9,"[1.412749249514576, 209.1997091770172]"
F162013,10,45,1.0,"[0.4755920806622953, 232.43421483039856]"
F162013,10,46,0.01,"[2.1007284539302873, 2.340715169906616]"
F162013,10,46,0.1,"[0.30140300424690736, 23.353036880493164]"
F162013,10,46,0.2,"[0.41972037283028385, 46.62817859649658]"
F162013,10,46,0.3,"[0.3767160893446828, 69.85595679283142]"
F162013,10,46,0.4,"[0.9936877591805455, 93.08033156394958]"
F162013,10,46,0.5,"[0.628856181857202, 116.26731729507446]"
F162013,10,46,0.6,"[2.487527838421869, 139.4343638420105]"
F162013,10,46,0.7,"[0.41571006376858577, 162.63242650032043]"
F162013,10,46,0.8,"[3.3537852811198547, 185.8028700351715]"
F162013,10,46,0.9,"[1.807238794911342, 208.96930980682373]"
F162013,10,46,1.0,"[0.766263278687461, 232.1210653781891]"
F162013,10,47,0.01,"[2.099851353506864, 2.402791976928711]"
F162013,10,47,0.1,"[2.3820555361049855, 23.39325261116028]"
F162013,10,47,0.2,"[3.609880307860948, 46.658785820007324]"
F162013,10,47,0.3,"[0.92491628527182, 69.88921070098877]"
F162013,10,47,0.4,"[0.6716061325932685, 93.15847992897034]"
F162013,10,47,0.5,"[0.41143478389574284, 116.40136957168579]"
F162013,10,47,0.6,"[8.102534678630207, 139.62937426567078]"
F162013,10,47,0.7,"[1.6534079359943519, 162.86538529396057]"
F162013,10,47,0.8,"[5.746628198271907, 186.08532309532166]"
F162013,10,47,0.9,"[4.969326969137597, 209.29469919204712]"
F162013,10,47,1.0,"[0.4282654357527065, 232.50861883163452]"
F162013,10,48,0.01,"[3.3078526522468223, 2.30861759185791]"
F162013,10,48,0.1,"[1.8124174650004363, 22.795016765594482]"
F162013,10,48,0.2,"[2.738769788324788, 45.40438437461853]"
F162013,10,48,0.3,"[0.4630979541658746, 68.00690460205078]"
F162013,10,48,0.4,"[0.6208167820398387, 90.63072180747986]"
F162013,10,48,0.5,"[0.6921841825774493, 113.22329139709473]"
F162013,10,48,0.6,"[2.090430157136751, 135.8438801765442]"
F162013,10,48,0.7,"[0.4559088468051016, 158.46337270736694]"
F162013,10,48,0.8,"[1.9844694759341053, 181.05530333518982]"
F162013,10,48,0.9,"[0.6306614747273613, 203.67571544647217]"
F162013,10,48,1.0,"[7.632774706865746, 226.33322930335999]"
F162013,10,49,0.01,"[4.336005551701078, 2.261956214904785]"
F162013,10,49,0.1,"[1.456900696172852, 22.330665826797485]"
F162013,10,49,0.2,"[0.3907786091498622, 44.57521986961365]"
F162013,10,49,0.3,"[0.46928653783663776, 66.80829119682312]"
F162013,10,49,0.4,"[2.2985778868669797, 89.06622004508972]"
F162013,10,49,0.5,"[0.15521379264592383, 111.2869017124176]"
F162013,10,49,0.6,"[26.506728559462147, 133.53371000289917]"
F162013,10,49,0.7,"[0.7777236150276394, 155.79848742485046]"
F162013,10,49,0.8,"[2.785829853449485, 178.0290641784668]"
F162013,10,49,0.9,"[7.183133054509142, 200.2695710659027]"
F162013,10,49,1.0,"[0.29226070771400714, 222.55946922302246]"
F162013,10,50,0.01,"[3.4866943186359833, 2.27351450920105]"
F162013,10,50,0.1,"[1.9254454347108378, 22.514046907424927]"
F162013,10,50,0.2,"[0.5363289805349041, 44.969807386398315]"
F162013,10,50,0.3,"[1.3594384177403924, 67.39570021629333]"
F162013,10,50,0.4,"[0.6610665850771795, 89.85581517219543]"
F162013,10,50,0.5,"[0.2456878458275753, 112.28486347198486]"
F162013,10,50,0.6,"[0.18000554366568622, 134.73176097869873]"
F162013,10,50,0.7,"[0.6535072297656654, 157.18553137779236]"
F162013,10,50,0.8,"[1.784248526195455, 179.61175656318665]"
F162013,10,50,0.9,"[0.16174945866325174, 202.0566794872284]"
F162013,10,50,1.0,"[1.9460508435317365, 224.54694366455078]"
F162013,30,0,0.01,"[6.027052624040181, 20.47704243659973]"
F162013,30,0,0.1,"[10.984763619936444, 204.84707260131836]"
F162013,30,0,0.2,"[6.318751353183501, 409.2373399734497]"
F162013,30,0,0.3,"[0.35131789606066377, 613.0191376209259]"
F162013,30,0,0.4,"[0.13054139003835985, 816.2843415737152]"
F162013,30,0,0.5,"[1.4552263404988537, 1019.6646502017975]"
F162013,30,0,0.6,"[13.093091613086585, 1222.8724570274353]"
F162013,30,0,0.7,"[6.25147127888232, 1426.586677312851]"
F162013,30,0,0.8,"[2.4163688131387744, 1630.0031778812408]"
F162013,30,0,0.9,"[0.9401906824068931, 1834.1251792907715]"
F162013,30,0,1.0,"[5.930251552549237, 2036.131540298462]"
F162013,30,1,0.01,"[7.239841815037721, 20.50160241127014]"
F162013,30,1,0.1,"[6.639792575166041, 205.3752224445343]"
F162013,30,1,0.2,"[3.3663717456743427, 410.1324894428253]"
F162013,30,1,0.3,"[5.9961831820847635, 613.7551095485687]"
F162013,30,1,0.4,"[0.795731026342196, 817.1158266067505]"
F162013,30,1,0.5,"[6.471138955260784, 1020.5940823554993]"
F162013,30,1,0.6,"[1.3493450829761002, 1223.5523459911346]"
F162013,30,1,0.7,"[5.414060404114139, 1426.985482931137]"
F162013,30,1,0.8,"[2.8884419168056183, 1630.0788266658783]"
F162013,30,1,0.9,"[7.978459250832202, 1833.904761314392]"
F162013,30,1,1.0,"[3.287987197487894, 2035.6450369358063]"
F162013,30,2,0.01,"[2.486606481938338, 20.610122203826904]"
F162013,30,2,0.1,"[6.873208156203049, 206.92106127738953]"
F162013,30,2,0.2,"[0.9889583669584567, 413.3293378353119]"
F162013,30,2,0.3,"[0.43729804097185365, 617.9860873222351]"
F162013,30,2,0.4,"[10.01725300394628, 822.3807747364044]"
F162013,30,2,0.5,"[1.0733361943628381, 1026.7240257263184]"
F162013,30,2,0.6,"[1.0992326161390622, 1230.8144104480743]"
F162013,30,2,0.7,"[0.7676727066958904, 1435.004890203476]"
F162013,30,2,0.8,"[0.9770531211248397, 1638.924381017685]"
F162013,30,2,0.9,"[1.2226838967786193, 1843.161720752716]"
F162013,30,2,1.0,"[0.9152384449876081, 2044.6231789588928]"
F162013,30,3,0.01,"[7.873888523640005, 20.42552900314331]"
F162013,30,3,0.1,"[0.24572475185163967, 205.26037454605103]"
F162013,30,3,0.2,"[0.11925286545184122, 410.3628189563751]"
F162013,30,3,0.3,"[0.32741742674150487, 614.1949689388275]"
F162013,30,3,0.4,"[3.553626436703894, 817.7724685668945]"
F162013,30,3,0.5,"[13.12513468646128, 1021.4171271324158]"
F162013,30,3,0.6,"[4.8165403805102756, 1224.6505870819092]"
F162013,30,3,0.7,"[0.205869345607681, 1428.4615008831024]"
F162013,30,3,0.8,"[8.876515568726433, 1631.870820760727]"
F162013,30,3,0.9,"[0.5343454416149314, 1836.1083824634552]"
F162013,30,3,1.0,"[13.511482663666186, 2038.1243636608124]"
F162013,30,4,0.01,"[15.581235625541694, 20.512951135635376]"
F162013,30,4,0.1,"[2.2186897042310534, 205.74786901474]"
F162013,30,4,0.2,"[5.218508351188063, 411.6240494251251]"
F162013,30,4,0.3,"[5.570620041550711, 616.3867537975311]"
F162013,30,4,0.4,"[9.449654313376271, 820.2669260501862]"
F162013,30,4,0.5,"[4.818459323364948, 1024.4259588718414]"
F162013,30,4,0.6,"[0.16321768633028455, 1228.3798718452454]"
F162013,30,4,0.7,"[0.4374384396200526, 1432.5899438858032]"
F162013,30,4,0.8,"[0.6345964689686525, 1636.790923833847]"
F162013,30,4,0.9,"[1.4862243816500609, 1841.2604291439056]"
F162013,30,4,1.0,"[1.4599756364169139, 2044.0663912296295]"
F162013,30,5,0.01,"[2.9258179782051172, 20.512378692626953]"
F162013,30,5,0.1,"[1.393374859102181, 205.82611393928528]"
F162013,30,5,0.2,"[7.671441225484017, 411.93131256103516]"
F162013,30,5,0.3,"[5.116726816641744, 617.0495119094849]"
F162013,30,5,0.4,"[9.185717141999902, 820.9299323558807]"
F162013,30,5,0.5,"[2.714307778966287, 1025.0613050460815]"
F162013,30,5,0.6,"[0.266144894675449, 1229.0523207187653]"
F162013,30,5,0.7,"[4.424922515294412, 1433.2065570354462]"
F162013,30,5,0.8,"[4.431898685400739, 1637.3815386295319]"
F162013,30,5,0.9,"[5.345137245859604, 1841.9604966640472]"
F162013,30,5,1.0,"[8.978130803227828, 2044.211642742157]"
F162013,30,6,0.01,"[10.193716488483858, 20.52619194984436]"
F162013,30,6,0.1,"[9.19122339396219, 205.7218656539917]"
F162013,30,6,0.2,"[1.7963132809529725, 411.64168214797974]"
F162013,30,6,0.3,"[0.9854516748551987, 616.6858885288239]"
F162013,30,6,0.4,"[8.940644595177162, 821.0002107620239]"
F162013,30,6,0.5,"[4.664292533604623, 1025.5651268959045]"
F162013,30,6,0.6,"[0.4465584571948398, 1229.9873826503754]"
F162013,30,6,0.7,"[2.479102200841055, 1434.1574347019196]"
F162013,30,6,0.8,"[13.77259607775514, 1638.2542600631714]"
F162013,30,6,0.9,"[6.7564763370549485, 1842.562772989273]"
F162013,30,6,1.0,"[10.850802957641008, 2044.6185586452484]"
F162013,30,7,0.01,"[8.034713258339224, 20.752681016921997]"
F162013,30,7,0.1,"[12.14513340367759, 205.1600170135498]"
F162013,30,7,0.2,"[1.0115236603569713, 409.79402899742126]"
F162013,30,7,0.3,"[15.47723618958912, 614.6705501079559]"
F162013,30,7,0.4,"[1.0027263399982758, 818.4429707527161]"
F162013,30,7,0.5,"[7.39161711288304, 1021.7157819271088]"
F162013,30,7,0.6,"[0.5837997941284243, 1224.9367971420288]"
F162013,30,7,0.7,"[7.194762372400049, 1428.1120789051056]"
F162013,30,7,0.8,"[0.6465194266513095, 1631.0794036388397]"
F162013,30,7,0.9,"[3.2166188593774336, 1834.5140290260315]"
F162013,30,7,1.0,"[1.558130535427182, 2036.6559517383575]"
F162013,30,8,0.01,"[2.240156393532601, 20.54838228225708]"
F162013,30,8,0.1,"[11.844911223139633, 206.14857745170593]"
F162013,30,8,0.2,"[5.695278971044871, 412.3831310272217]"
F162013,30,8,0.3,"[4.828278215282523, 617.4544057846069]"
F162013,30,8,0.4,"[0.9207362506185177, 821.9391732215881]"
F162013,30,8,0.5,"[8.776537023208249, 1026.1155881881714]"
F162013,30,8,0.6,"[6.93896507710906, 1229.595225095749]"
F162013,30,8,0.7,"[0.18579773328539773, 1433.3125665187836]"
F162013,30,8,0.8,"[9.553204960659144, 1637.1632416248322]"
F162013,30,8,0.9,"[5.609652234191373, 1841.6529819965363]"
F162013,30,8,1.0,"[5.33593429457008, 2043.8386595249176]"
F162013,30,9,0.01,"[7.608988027375517, 20.795093536376953]"
F162013,30,9,0.1,"[1.5265638628296756, 210.2453806400299]"
F162013,30,9,0.2,"[1.640983724542366, 443.43398571014404]"
F162013,30,9,0.3,"[2.0389886794837366, 651.4349205493927]"
F162013,30,9,0.4,"[9.392709654960328, 858.9801368713379]"
F162013,30,9,0.5,"[0.3377741814624642, 1066.3891351222992]"
F162013,30,9,0.6,"[2.1365391015940247, 1273.058725118637]"
F162013,30,9,0.7,"[4.985887025062738, 1479.9193274974823]"
F162013,30,9,0.8,"[0.7083437963465826, 1686.3158378601074]"
F162013,30,9,0.9,"[5.981910094258154, 1893.0154910087585]"
F162013,30,9,1.0,"[5.905954160242061, 2096.234634399414]"
F162013,30,10,0.01,"[1.8526011886713718, 20.27235221862793]"
F162013,30,10,0.1,"[1.9550687925982402, 217.65482902526855]"
F162013,30,10,0.2,"[2.0606474916603474, 421.3564763069153]"
F162013,30,10,0.3,"[17.32844108274628, 650.4522960186005]"
F162013,30,10,0.4,"[7.103642684126868, 854.5249183177948]"
F162013,30,10,0.5,"[2.5520392285318962, 1055.9553701877594]"
F162013,30,10,0.6,"[2.5618476465588174, 1275.848539352417]"
F162013,30,10,0.7,"[8.879624521014875, 1504.9798855781555]"
F162013,30,10,0.8,"[2.996216185037696, 1729.3335032463074]"
F162013,30,10,0.9,"[11.601071008554328, 1930.3858938217163]"
F162013,30,10,1.0,"[0.4414143190593336, 2125.0811672210693]"
F162013,30,11,0.01,"[2.4176957957998013, 20.10434651374817]"
F162013,30,11,0.1,"[9.085385490561151, 201.10976696014404]"
F162013,30,11,0.2,"[7.465394904328917, 401.85530257225037]"
F162013,30,11,0.3,"[6.395640126024489, 602.0133965015411]"
F162013,30,11,0.4,"[0.4689419381322466, 801.6652719974518]"
F162013,30,11,0.5,"[17.092104406016432, 1001.2853746414185]"
F162013,30,11,0.6,"[18.507612404343263, 1200.6034677028656]"
F162013,30,11,0.7,"[1.7869543595161872, 1399.5268120765686]"
F162013,30,11,0.8,"[6.714950829430279, 1597.9691233634949]"
F162013,30,11,0.9,"[13.497168663970143, 1796.9254975318909]"
F162013,30,11,1.0,"[2.6823826567261335, 1995.6152760982513]"
F162013,30,12,0.01,"[3.0051168241949995, 20.103290557861328]"
F162013,30,12,0.1,"[0.6103705717591197, 198.59014678001404]"
F162013,30,12,0.2,"[3.5520297986399783, 396.6180467605591]"
F162013,30,12,0.3,"[1.469052866932401, 594.2194833755493]"
F162013,30,12,0.4,"[5.665686008896358, 791.1124475002289]"
F162013,30,12,0.5,"[2.224222839814928, 988.2329852581024]"
F162013,30,12,0.6,"[8.960278770750818, 1185.1502561569214]"
F162013,30,12,0.7,"[0.5209395959697929, 1381.943288564682]"
F162013,30,12,0.8,"[0.5086812797438256, 1578.2208621501923]"
F162013,30,12,0.9,"[1.048014039175257, 1774.8390345573425]"
F162013,30,12,1.0,"[10.614308362793025, 1971.5575478076935]"
F162013,30,13,0.01,"[7.789097116496151, 20.516188859939575]"
F162013,30,13,0.1,"[5.658622313154069, 208.18794798851013]"
F162013,30,13,0.2,"[7.078206533014793, 416.46123361587524]"
F162013,30,13,0.3,"[2.509340658122426, 623.5875408649445]"
F162013,30,13,0.4,"[2.6412456403716646, 830.3902115821838]"
F162013,30,13,0.5,"[0.12493924172045467, 1036.9932913780212]"
F162013,30,13,0.6,"[11.088693118885004, 1243.2834599018097]"
F162013,30,13,0.7,"[1.7561294431519343, 1449.4391906261444]"
F162013,30,13,0.8,"[6.378192820340018, 1654.9369349479675]"
F162013,30,13,0.9,"[10.446964194014868, 1860.9456465244293]"
F162013,30,13,1.0,"[7.130038782260186, 2064.0220913887024]"
F162013,30,14,0.01,"[8.7300467450589, 20.172362089157104]"
F162013,30,14,0.1,"[2.7422573850935805, 201.476655960083]"
F162013,30,14,0.2,"[6.290537695758616, 402.35185170173645]"
F162013,30,14,0.3,"[17.40527230973794, 602.6158173084259]"
F162013,30,14,0.4,"[5.731441571864025, 802.4147102832794]"
F162013,30,14,0.5,"[8.426401909959196, 1002.3277902603149]"
F162013,30,14,0.6,"[6.564953944378743, 1204.0781862735748]"
F162013,30,14,0.7,"[0.32229711083761003, 1404.141358613968]"
F162013,30,14,0.8,"[0.8023468862184302, 1603.749357700348]"
F162013,30,14,0.9,"[9.695698967170102, 1803.2458469867706]"
F162013,30,14,1.0,"[5.389880851848943, 2002.638837814331]"
F162013,30,15,0.01,"[7.162804283308077, 20.264512300491333]"
F162013,30,15,0.1,"[1.733671377447763, 202.8614046573639]"
F162013,30,15,0.2,"[8.82116252998182, 405.55108880996704]"
F162013,30,15,0.3,"[2.154370391286193, 607.4678678512573]"
F162013,30,15,0.4,"[4.078826226113478, 809.1035254001617]"
F162013,30,15,0.5,"[3.7705154322734415, 1011.0252959728241]"
F162013,30,15,0.6,"[3.7318818386787598, 1212.6769180297852]"
F162013,30,15,0.7,"[1.0816151796124984, 1414.6475949287415]"
F162013,30,15,0.8,"[0.3349534015026734, 1616.7597625255585]"
F162013,30,15,0.9,"[1.105842964499459, 1818.2784011363983]"
F162013,30,15,1.0,"[1.813881973329245, 2019.0807931423187]"
F162013,30,16,0.01,"[3.3658108439177283, 20.180126190185547]"
F162013,30,16,0.1,"[1.0044710467491882, 201.4706428050995]"
F162013,30,16,0.2,"[0.14286373511285433, 402.5008456707001]"
F162013,30,16,0.3,"[0.7638395165085967, 603.1215195655823]"
F162013,30,16,0.4,"[1.946435175740362, 803.1393508911133]"
F162013,30,16,0.5,"[0.7328454947628131, 1003.6224989891052]"
F162013,30,16,0.6,"[8.05686244540857, 1205.2316918373108]"
F162013,30,16,0.7,"[9.50281690192648, 1405.7228035926819]"
F162013,30,16,0.8,"[12.442710770194338, 1605.8886363506317]"
F162013,30,16,0.9,"[8.236815517223022, 1805.9358587265015]"
F162013,30,16,1.0,"[2.688562428425172, 2005.5057907104492]"
F162013,30,17,0.01,"[4.567816770148994, 20.123884916305542]"
F162013,30,17,0.1,"[1.7952349886496108, 200.78446292877197]"
F162013,30,17,0.2,"[7.759810331876338, 401.0169749259949]"
F162013,30,17,0.3,"[3.621618760371206, 600.8546905517578]"
F162013,30,17,0.4,"[7.392481356168133, 800.2017707824707]"
F162013,30,17,0.5,"[0.11168894679428831, 999.6571447849274]"
F162013,30,17,0.6,"[9.938786037221519, 1198.991489648819]"
F162013,30,17,0.7,"[4.742793921773398, 1398.5305716991425]"
F162013,30,17,0.8,"[1.71879662020541, 1597.673187494278]"
F162013,30,17,0.9,"[7.297967465948972, 1797.109905719757]"
F162013,30,17,1.0,"[3.2456807109108468, 1996.0696132183075]"
F162013,30,18,0.01,"[4.8734677166836775, 20.412376642227173]"
F162013,30,18,0.1,"[6.7519246277628895, 203.83495140075684]"
F162013,30,18,0.2,"[0.19345941772496644, 407.33396005630493]"
F162013,30,18,0.3,"[8.76446734146242, 610.3238573074341]"
F162013,30,18,0.4,"[5.767147855680179, 813.5083503723145]"
F162013,30,18,0.5,"[3.723476820172152, 1031.164806842804]"
F162013,30,18,0.6,"[9.535507560739859, 1238.8945426940918]"
F162013,30,18,0.7,"[1.232173030784736, 1438.6802017688751]"
F162013,30,18,0.8,"[0.7083120897717379, 1638.435903787613]"
F162013,30,18,0.9,"[0.13964980744063382, 1838.8469879627228]"
F162013,30,18,1.0,"[3.484181163583713, 2037.5257229804993]"
F162013,30,19,0.01,"[2.378829969278513, 20.284286737442017]"
F162013,30,19,0.1,"[12.543104561264897, 202.09949469566345]"
F162013,30,19,0.2,"[0.9990560210611648, 403.7983753681183]"
F162013,30,19,0.3,"[8.134695716764554, 604.9141600131989]"
F162013,30,19,0.4,"[4.889401336295833, 805.5491495132446]"
F162013,30,19,0.5,"[1.78511390054976, 1006.2390570640564]"
F162013,30,19,0.6,"[3.6762993231491237, 1206.7731635570526]"
F162013,30,19,0.7,"[4.1179478552496676, 1407.5530002117157]"
F162013,30,19,0.8,"[11.640930232439416, 1608.0478596687317]"
F162013,30,19,0.9,"[0.3176570915252057, 1809.1479482650757]"
F162013,30,19,1.0,"[4.018870986432631, 2009.8492951393127]"
F162013,30,20,0.01,"[4.690748621417441, 20.35271644592285]"
F162013,30,20,0.1,"[0.16860149727466478, 201.01130080223083]"
F162013,30,20,0.2,"[0.12062296883695467, 401.23594188690186]"
F162013,30,20,0.3,"[6.693740413456425, 602.1180775165558]"
F162013,30,20,0.4,"[1.7686161216916219, 801.9151954650879]"
F162013,30,20,0.5,"[6.809931430040962, 1001.3186151981354]"
F162013,30,20,0.6,"[5.565173236460964, 1200.422182559967]"
F162013,30,20,0.7,"[10.60641375915202, 1399.7683069705963]"
F162013,30,20,0.8,"[5.638822463104219, 1599.1930167675018]"
F162013,30,20,0.9,"[6.947055519355445, 1799.510089635849]"
F162013,30,20,1.0,"[9.653723776200025, 1999.4491562843323]"
F162013,30,21,0.01,"[3.0646996104574953, 20.217201948165894]"
F162013,30,21,0.1,"[0.6945034220685216, 201.76700472831726]"
F162013,30,21,0.2,"[6.887415619957238, 403.08957719802856]"
F162013,30,21,0.3,"[1.31820308690547, 604.2371635437012]"
F162013,30,21,0.4,"[2.3944918446398162, 804.3891117572784]"
F162013,30,21,0.5,"[2.622712583720272, 1004.6571900844574]"
F162013,30,21,0.6,"[8.989385189908177, 1206.023119211197]"
F162013,30,21,0.7,"[5.149812722432898, 1406.2321374416351]"
F162013,30,21,0.8,"[1.4528841907695664, 1605.9448351860046]"
F162013,30,21,0.9,"[0.996256359569287, 1806.250525712967]"
F162013,30,21,1.0,"[1.4800138290453617, 2006.4581887722015]"
F162013,30,22,0.01,"[6.284738549091571, 20.10939335823059]"
F162013,30,22,0.1,"[3.7797572430935134, 200.68963718414307]"
F162013,30,22,0.2,"[3.330487634635432, 400.91700196266174]"
F162013,30,22,0.3,"[1.57956867228242, 601.0009756088257]"
F162013,30,22,0.4,"[2.8224427602063713, 800.5260579586029]"
F162013,30,22,0.5,"[6.700790124227353, 1000.4116809368134]"
F162013,30,22,0.6,"[10.583072736987504, 1199.670788526535]"
F162013,30,22,0.7,"[7.169061326095687, 1399.2092163562775]"
F162013,30,22,0.8,"[1.0744725853880368, 1598.662669658661]"
F162013,30,22,0.9,"[4.251845222624581, 1798.7177605628967]"
F162013,30,22,1.0,"[5.29870837939049, 1998.8780634403229]"
F162013,30,23,0.01,"[7.5090247774452905, 20.43268394470215]"
F162013,30,23,0.1,"[0.9485804581455, 209.97758269309998]"
F162013,30,23,0.2,"[8.439760458016139, 413.35479712486267]"
F162013,30,23,0.3,"[6.641272452616704, 615.3446691036224]"
F162013,30,23,0.4,"[4.964411651138363, 816.9654636383057]"
F162013,30,23,0.5,"[4.837402769943935, 1018.9370276927948]"
F162013,30,23,0.6,"[8.43702766676725, 1225.7472536563873]"
F162013,30,23,0.7,"[3.1205728951593983, 1427.8111896514893]"
F162013,30,23,0.8,"[0.7811796679065992, 1630.1591665744781]"
F162013,30,23,0.9,"[7.885863418541305, 1832.72842335701]"
F162013,30,23,1.0,"[0.8529547111035356, 2033.811156988144]"
F162013,30,24,0.01,"[5.313042781311225, 20.376479148864746]"
F162013,30,24,0.1,"[5.470404011603506, 203.19143795967102]"
F162013,30,24,0.2,"[3.4575761847558795, 405.7705798149109]"
F162013,30,24,0.3,"[0.43022466409016147, 606.926352262497]"
F162013,30,24,0.4,"[5.939278827206579, 807.5694994926453]"
F162013,30,24,0.5,"[0.20926274768015674, 1008.3505945205688]"
F162013,30,24,0.6,"[6.06897460144333, 1208.7506680488586]"
F162013,30,24,0.7,"[11.103728009729565, 1409.2142651081085]"
F162013,30,24,0.8,"[5.655965729682578, 1609.8436090946198]"
F162013,30,24,0.9,"[2.9116322909497114, 1810.8380272388458]"
F162013,30,24,1.0,"[9.045032928351873, 2011.593453168869]"
F162013,30,25,0.01,"[7.2880209178405835, 20.20484972000122]"
F162013,30,25,0.1,"[3.816795753285362, 201.70845890045166]"
F162013,30,25,0.2,"[8.233270640167092, 402.94240641593933]"
F162013,30,25,0.3,"[5.703229355873901, 603.4333038330078]"
F162013,30,25,0.4,"[2.3663456383495145, 803.562891960144]"
F162013,30,25,0.5,"[8.894980134261118, 1004.2111575603485]"
F162013,30,25,0.6,"[1.5563986272605632, 1204.6169996261597]"
F162013,30,25,0.7,"[1.2961044019577628, 1405.374536037445]"
F162013,30,25,0.8,"[2.089184436408061, 1606.2152426242828]"
F162013,30,25,0.9,"[9.526893395979727, 1807.1643722057343]"
F162013,30,25,1.0,"[5.727611594079036, 2007.7588384151459]"
F162013,30,26,0.01,"[5.084156825284282, 20.206753253936768]"
F162013,30,26,0.1,"[11.846992657427876, 201.8274335861206]"
F162013,30,26,0.2,"[6.734147521679091, 403.16731691360474]"
F162013,30,26,0.3,"[8.199151672830396, 603.5245079994202]"
F162013,30,26,0.4,"[4.288132591295806, 802.996928691864]"
F162013,30,26,0.5,"[0.25429012196218537, 1002.6535289287567]"
F162013,30,26,0.6,"[1.711738571299179, 1202.6319110393524]"
F162013,30,26,0.7,"[0.7287498838139754, 1402.5287199020386]"
F162013,30,26,0.8,"[4.1533511491902, 1602.6772484779358]"
F162013,30,26,0.9,"[14.342866011020334, 1802.9358859062195]"
F162013,30,26,1.0,"[13.797281610777645, 2002.904405593872]"
F162013,30,27,0.01,"[7.173288647171091, 20.631458044052124]"
F162013,30,27,0.1,"[9.732811480676304, 202.65039467811584]"
F162013,30,27,0.2,"[8.692813165748788, 404.2108483314514]"
F162013,30,27,0.3,"[2.4989776082648802, 604.9269680976868]"
F162013,30,27,0.4,"[1.7478273952297059, 805.0195496082306]"
F162013,30,27,0.5,"[2.1887363418311736, 1005.2710967063904]"
F162013,30,27,0.6,"[0.6281547634314961, 1205.7901911735535]"
F162013,30,27,0.7,"[0.6616485445972842, 1406.678207874298]"
F162013,30,27,0.8,"[10.41532916324985, 1607.385024547577]"
F162013,30,27,0.9,"[0.4550194147656157, 1808.49285197258]"
F162013,30,27,1.0,"[1.488500542185136, 2009.0567667484283]"
F162013,30,28,0.01,"[6.5783210770587175, 20.329345226287842]"
F162013,30,28,0.1,"[6.1436623814230416, 202.63587379455566]"
F162013,30,28,0.2,"[0.9256003506694697, 404.4386246204376]"
F162013,30,28,0.3,"[4.103690749724279, 609.6452760696411]"
F162013,30,28,0.4,"[0.823289146957336, 812.278959274292]"
F162013,30,28,0.5,"[14.043747606262116, 1015.0890760421753]"
F162013,30,28,0.6,"[0.8161541058834132, 1217.8384006023407]"
F162013,30,28,0.7,"[2.273467411933666, 1420.7032558918]"
F162013,30,28,0.8,"[1.4574873091835912, 1623.871017217636]"
F162013,30,28,0.9,"[0.67129820482171, 1827.2379846572876]"
F162013,30,28,1.0,"[1.9390934902725974, 2029.3403525352478]"
F162013,30,29,0.01,"[1.6101313189050188, 20.43626594543457]"
F162013,30,29,0.1,"[13.266534445240012, 203.85993933677673]"
F162013,30,29,0.2,"[11.867315522313646, 407.0424931049347]"
F162013,30,29,0.3,"[2.704777024345873, 610.9008500576019]"
F162013,30,29,0.4,"[11.355778329322561, 813.8203673362732]"
F162013,30,29,0.5,"[1.6010964084169643, 1016.9807040691376]"
F162013,30,29,0.6,"[3.2225025906690803, 1220.2150058746338]"
F162013,30,29,0.7,"[4.0461751066273735, 1423.6938693523407]"
F162013,30,29,0.8,"[7.608873880925216, 1627.3210999965668]"
F162013,30,29,0.9,"[1.1080364992677119, 1832.065782546997]"
F162013,30,29,1.0,"[7.005384509842401, 2034.6332473754883]"
F162013,30,30,0.01,"[11.212034548688138, 20.148786067962646]"
F162013,30,30,0.1,"[4.382264192957365, 201.74362063407898]"
F162013,30,30,0.2,"[4.193199006677077, 403.06181287765503]"
F162013,30,30,0.3,"[4.951764489544587, 604.1967921257019]"
F162013,30,30,0.4,"[0.9887639899970679, 804.8710300922394]"
F162013,30,30,0.5,"[0.546112448526344, 1006.058997631073]"
F162013,30,30,0.6,"[0.5080303096897296, 1206.9250178337097]"
F162013,30,30,0.7,"[12.803439911356435, 1407.6344554424286]"
F162013,30,30,0.8,"[6.4141350965205675, 1608.228482723236]"
F162013,30,30,0.9,"[9.457211071985938, 1809.6269884109497]"
F162013,30,30,1.0,"[5.269796875620841, 2010.471536397934]"
F162013,30,31,0.01,"[5.250993096322276, 20.175991773605347]"
F162013,30,31,0.1,"[4.99617841977846, 202.6321883201599]"
F162013,30,31,0.2,"[3.5652946799113465, 405.4024965763092]"
F162013,30,31,0.3,"[1.1990105358232483, 608.1688089370728]"
F162013,30,31,0.4,"[19.179408204094614, 829.8027412891388]"
F162013,30,31,0.5,"[0.27027161421906953, 1042.4853248596191]"
F162013,30,31,0.6,"[0.09514000837481262, 1245.3536534309387]"
F162013,30,31,0.7,"[2.6155657972384176, 1448.5219173431396]"
F162013,30,31,0.8,"[0.7800518590651961, 1651.5242002010345]"
F162013,30,31,0.9,"[0.46159192488960343, 1855.4955127239227]"
F162013,30,31,1.0,"[0.8155528756822434, 2056.445333957672]"
F162013,30,32,0.01,"[6.232360898794184, 20.20085597038269]"
F162013,30,32,0.1,"[3.0094390291247635, 202.38353085517883]"
F162013,30,32,0.2,"[1.0544413784948006, 404.21767687797546]"
F162013,30,32,0.3,"[7.967565609204115, 605.9806523323059]"
F162013,30,32,0.4,"[0.8267120455215036, 807.5266921520233]"
F162013,30,32,0.5,"[5.220491596990456, 1009.6871619224548]"
F162013,30,32,0.6,"[0.5980894371479337, 1211.5283017158508]"
F162013,30,32,0.7,"[1.6841031664888249, 1413.5573019981384]"
F162013,30,32,0.8,"[20.063679787159543, 1615.8595612049103]"
F162013,30,32,0.9,"[5.302143333302496, 1818.410077571869]"
F162013,30,32,1.0,"[2.817916090846552, 2020.2151679992676]"
F162013,30,33,0.01,"[4.232874276168218, 20.13872528076172]"
F162013,30,33,0.1,"[0.5097471814952996, 201.920494556427]"
F162013,30,33,0.2,"[0.5244468108151636, 403.60026931762695]"
F162013,30,33,0.3,"[2.5176796215718014, 604.9465887546539]"
F162013,30,33,0.4,"[2.97641985848216, 806.2098269462585]"
F162013,30,33,0.5,"[3.5153902801556285, 1007.6602170467377]"
F162013,30,33,0.6,"[5.127056695578261, 1209.1100206375122]"
F162013,30,33,0.7,"[7.182028378084368, 1410.6368758678436]"
F162013,30,33,0.8,"[7.53951838869142, 1612.096459388733]"
F162013,30,33,0.9,"[6.434265120973578, 1813.6255893707275]"
F162013,30,33,1.0,"[5.0387214376908105, 2014.5893547534943]"
F162013,30,34,0.01,"[6.092357537536174, 20.375867128372192]"
F162013,30,34,0.1,"[1.7212075074023971, 204.69512128829956]"
F162013,30,34,0.2,"[0.3453581559607244, 409.63481068611145]"
F162013,30,34,0.3,"[0.8598726383620203, 614.400461435318]"
F162013,30,34,0.4,"[6.906563065033453, 818.9801726341248]"
F162013,30,34,0.5,"[11.063152413466526, 1023.8305716514587]"
F162013,30,34,0.6,"[0.5802827366910321, 1228.4521532058716]"
F162013,30,34,0.7,"[9.357231038590754, 1433.175707101822]"
F162013,30,34,0.8,"[2.145251424569352, 1637.8055384159088]"
F162013,30,34,0.9,"[12.297239141101016, 1862.3439197540283]"
F162013,30,34,1.0,"[11.233726262768556, 2078.780057668686]"
F162013,30,35,0.01,"[5.769036165020452, 20.339191913604736]"
F162013,30,35,0.1,"[1.1390946543477867, 204.41980695724487]"
F162013,30,35,0.2,"[4.471425335760927, 408.9487543106079]"
F162013,30,35,0.3,"[0.18359654768843825, 613.5107860565186]"
F162013,30,35,0.4,"[9.322348782733854, 817.5101072788239]"
F162013,30,35,0.5,"[3.935711291313595, 1021.7699720859528]"
F162013,30,35,0.6,"[3.778131362004757, 1225.9829132556915]"
F162013,30,35,0.7,"[13.082735211936381, 1430.1972217559814]"
F162013,30,35,0.8,"[0.6396448073049612, 1634.35306930542]"
F162013,30,35,0.9,"[0.8078437296601635, 1838.6772496700287]"
F162013,30,35,1.0,"[12.420932021160326, 2041.2193953990936]"
F162013,30,36,0.01,"[9.362486386616581, 20.242403745651245]"
F162013,30,36,0.1,"[0.3221442395653753, 203.91673946380615]"
F162013,30,36,0.2,"[2.1695092179640483, 408.21089363098145]"
F162013,30,36,0.3,"[0.29588644211838755, 612.3797881603241]"
F162013,30,36,0.4,"[2.2413807887517407, 816.4114561080933]"
F162013,30,36,0.5,"[5.345089116813853, 1020.4276525974274]"
F162013,30,36,0.6,"[3.716782436805005, 1224.180852174759]"
F162013,30,36,0.7,"[1.1352540485868303, 1428.0334990024567]"
F162013,30,36,0.8,"[8.771604958742358, 1631.7253630161285]"
F162013,30,36,0.9,"[2.7842260559678778, 1835.626840353012]"
F162013,30,36,1.0,"[0.45206230585452545, 2037.6859595775604]"
F162013,30,37,0.01,"[7.787826299551654, 20.159608364105225]"
F162013,30,37,0.1,"[0.34062236127579126, 202.1854338645935]"
F162013,30,37,0.2,"[2.712409112507487, 404.25311160087585]"
F162013,30,37,0.3,"[8.853466944584682, 606.2405207157135]"
F162013,30,37,0.4,"[1.1851514147941202, 807.9505414962769]"
F162013,30,37,0.5,"[3.137207237651438, 1010.1942570209503]"
F162013,30,37,0.6,"[17.791778852166146, 1212.1634600162506]"
F162013,30,37,0.7,"[4.987886511147536, 1414.0547664165497]"
F162013,30,37,0.8,"[3.5201723466697104, 1615.7260859012604]"
F162013,30,37,0.9,"[8.993194986707891, 1817.6727888584137]"
F162013,30,37,1.0,"[4.734146456990175, 2019.0654137134552]"
F162013,30,38,0.01,"[3.0072427927062506, 20.881945848464966]"
F162013,30,38,0.1,"[15.460343072771394, 203.19020986557007]"
F162013,30,38,0.2,"[4.82527967341133, 405.3730580806732]"
F162013,30,38,0.3,"[12.686979378173561, 607.3923892974854]"
F162013,30,38,0.4,"[5.577361905833044, 809.0917057991028]"
F162013,30,38,0.5,"[0.3838988814726463, 1011.2078483104706]"
F162013,30,38,0.6,"[1.5855508781232857, 1213.4619739055634]"
F162013,30,38,0.7,"[2.0683265428428967, 1415.7314195632935]"
F162013,30,38,0.8,"[4.589175076947839, 1617.4106104373932]"
F162013,30,38,0.9,"[4.0638732329446725, 1819.2867212295532]"
F162013,30,38,1.0,"[1.7816800587757484, 2020.8715662956238]"
F162013,30,39,0.01,"[5.922659360425229, 20.233659267425537]"
F162013,30,39,0.1,"[12.103830194485653, 202.43529176712036]"
F162013,30,39,0.2,"[3.6712732852411705, 404.54565811157227]"
F162013,30,39,0.3,"[7.525263898060615, 606.6273701190948]"
F162013,30,39,0.4,"[4.932477673480605, 808.3654465675354]"
F162013,30,39,0.5,"[5.956322322608173, 1010.6452674865723]"
F162013,30,39,0.6,"[7.4925387486465524, 1212.4293570518494]"
F162013,30,39,0.7,"[1.4678392865870364, 1414.4077479839325]"
F162013,30,39,0.8,"[1.7376641866115676, 1616.272540807724]"
F162013,30,39,0.9,"[8.489622295515403, 1818.7428345680237]"
F162013,30,39,1.0,"[1.2189742272706212, 2020.1456768512726]"
F162013,30,40,0.01,"[1.4031226919996982, 20.358949899673462]"
F162013,30,40,0.1,"[8.707067091508321, 204.5128014087677]"
F162013,30,40,0.2,"[2.5297051180538688, 409.2293469905853]"
F162013,30,40,0.3,"[1.0098820351949769, 613.8590455055237]"
F162013,30,40,0.4,"[4.472529046379975, 817.9486699104309]"
F162013,30,40,0.5,"[7.05757095179186, 1022.3978638648987]"
F162013,30,40,0.6,"[2.283553035221189, 1226.5109193325043]"
F162013,30,40,0.7,"[3.3993813785507143, 1430.8465762138367]"
F162013,30,40,0.8,"[2.597527675984537, 1635.2743785381317]"
F162013,30,40,0.9,"[3.964897800397921, 1840.3755440711975]"
F162013,30,40,1.0,"[3.8636384594535684, 2043.171743631363]"
F162013,30,41,0.01,"[6.40267625566571, 20.315399408340454]"
F162013,30,41,0.1,"[25.345891473676687, 202.22299528121948]"
F162013,30,41,0.2,"[5.798797489173296, 403.93499779701233]"
F162013,30,41,0.3,"[1.2692003312075144, 605.686277627945]"
F162013,30,41,0.4,"[3.2822306553165674, 806.4963948726654]"
F162013,30,41,0.5,"[1.710173777549187, 1007.782173871994]"
F162013,30,41,0.6,"[5.181705380645269, 1209.0913016796112]"
F162013,30,41,0.7,"[11.938140895189832, 1410.4016706943512]"
F162013,30,41,0.8,"[0.544792093751596, 1611.973887205124]"
F162013,30,41,0.9,"[15.98303111848358, 1813.910522699356]"
F162013,30,41,1.0,"[6.733264565911071, 2015.1114721298218]"
F162013,30,42,0.01,"[3.9679522784632297, 20.25506067276001]"
F162013,30,42,0.1,"[8.665806258791605, 203.03294897079468]"
F162013,30,42,0.2,"[9.694993845352798, 405.66084241867065]"
F162013,30,42,0.3,"[10.502973584862616, 608.2878592014313]"
F162013,30,42,0.4,"[0.18397309677081353, 810.1980366706848]"
F162013,30,42,0.5,"[10.954627806053225, 1012.478440284729]"
F162013,30,42,0.6,"[0.22162269331965945, 1214.8500082492828]"
F162013,30,42,0.7,"[4.800489580537402, 1417.1053483486176]"
F162013,30,42,0.8,"[7.593490566011269, 1619.390926361084]"
F162013,30,42,0.9,"[0.2756063708244767, 1821.992683649063]"
F162013,30,42,1.0,"[7.911333513072776, 2023.9521565437317]"
F162013,30,43,0.01,"[9.16871606548716, 20.26781702041626]"
F162013,30,43,0.1,"[5.637970971886006, 203.7038471698761]"
F162013,30,43,0.2,"[2.9554573736845384, 407.54949927330017]"
F162013,30,43,0.3,"[4.311413128904121, 611.1499044895172]"
F162013,30,43,0.4,"[8.432176857910832, 814.3723001480103]"
F162013,30,43,0.5,"[1.3047584656133324, 1018.0935115814209]"
F162013,30,43,0.6,"[7.588016880193351, 1221.5751116275787]"
F162013,30,43,0.7,"[2.9965673055327784, 1425.126976966858]"
F162013,30,43,0.8,"[3.614205898532333, 1628.5850780010223]"
F162013,30,43,0.9,"[0.15119581307666863, 1832.4695553779602]"
F162013,30,43,1.0,"[0.8325633852509213, 2034.7160778045654]"
F162013,30,44,0.01,"[7.828730217926733, 21.25164484977722]"
F162013,30,44,0.1,"[4.180237095837214, 202.17366075515747]"
F162013,30,44,0.2,"[7.048165482029049, 403.0576994419098]"
F162013,30,44,0.3,"[2.9388259186374057, 604.1875216960907]"
F162013,30,44,0.4,"[0.6732381515406871, 804.5362432003021]"
F162013,30,44,0.5,"[10.779323815092965, 1005.1544275283813]"
F162013,30,44,0.6,"[10.723394407702813, 1207.2361903190613]"
F162013,30,44,0.7,"[1.6549426806689382, 1410.3299536705017]"
F162013,30,44,0.8,"[8.782977308512812, 1613.2476885318756]"
F162013,30,44,0.9,"[0.3922160276218847, 1816.80135512352]"
F162013,30,44,1.0,"[0.3463253959091901, 2019.4201929569244]"
F162013,30,45,0.01,"[7.084148467944345, 20.09606957435608]"
F162013,30,45,0.1,"[0.2634439700738085, 202.10161900520325]"
F162013,30,45,0.2,"[4.31410723993892, 404.24260544776917]"
F162013,30,45,0.3,"[7.3499421041558435, 606.5852756500244]"
F162013,30,45,0.4,"[0.3606063721591113, 808.5695476531982]"
F162013,30,45,0.5,"[8.099160143011233, 1010.7427222728729]"
F162013,30,45,0.6,"[0.09923381829025857, 1213.2726209163666]"
F162013,30,45,0.7,"[7.397885959755115, 1415.8601076602936]"
F162013,30,45,0.8,"[0.5425780866544301, 1618.3920447826385]"
F162013,30,45,0.9,"[10.399502238273215, 1821.58798289299]"
F162013,30,45,1.0,"[1.1375231079182129, 2023.711321592331]"
F162013,30,46,0.01,"[3.9750258074565465, 20.162821054458618]"
F162013,30,46,0.1,"[0.9006061714373743, 203.46290278434753]"
F162013,30,46,0.2,"[0.7435735567190989, 407.2196400165558]"
F162013,30,46,0.3,"[2.795088123862058, 610.8969521522522]"
F162013,30,46,0.4,"[3.7849288310855513, 813.9450309276581]"
F162013,30,46,0.5,"[0.9260048200239908, 1017.4446184635162]"
F162013,30,46,0.6,"[4.9178215598390125, 1220.558763742447]"
F162013,30,46,0.7,"[1.9539557696151633, 1424.0821268558502]"
F162013,30,46,0.8,"[0.973733762675721, 1627.6253247261047]"
F162013,30,46,0.9,"[0.7261394891142459, 1832.4443447589874]"
F162013,30,46,1.0,"[13.509929083097546, 2034.9690318107605]"
F162013,30,47,0.01,"[0.713884886310268, 20.17933964729309]"
F162013,30,47,0.1,"[1.0792314920894341, 201.56529808044434]"
F162013,30,47,0.2,"[10.502035891019403, 402.85365629196167]"
F162013,30,47,0.3,"[3.3929325575423093, 604.1774649620056]"
F162013,30,47,0.4,"[10.680917188003633, 804.8932728767395]"
F162013,30,47,0.5,"[1.2304256262572437, 1006.0996809005737]"
F162013,30,47,0.6,"[3.8698025324097785, 1207.0056128501892]"
F162013,30,47,0.7,"[6.4675415727859615, 1408.12411403656]"
F162013,30,47,0.8,"[0.2860809359256109, 1609.2974455356598]"
F162013,30,47,0.9,"[24.385320698072036, 1810.7800607681274]"
F162013,30,47,1.0,"[3.4170442208508973, 2011.8723216056824]"
F162013,30,48,0.01,"[1.8729622652965645, 19.77712392807007]"
F162013,30,48,0.1,"[8.45356245204826, 191.06662487983704]"
F162013,30,48,0.2,"[4.388101691824744, 380.7228789329529]"
F162013,30,48,0.3,"[1.7393936773534904, 570.7124586105347]"
F162013,30,48,0.4,"[9.094223909973266, 760.5420036315918]"
F162013,30,48,0.5,"[8.143690826895408, 950.5166509151459]"
F162013,30,48,0.6,"[11.841719683292638, 1140.2679255008698]"
F162013,30,48,0.7,"[0.5553749268648573, 1330.3989222049713]"
F162013,30,48,0.8,"[0.5617772344318439, 1520.4319450855255]"
F162013,30,48,0.9,"[0.6714775852559001, 1710.758945941925]"
F162013,30,48,1.0,"[5.808598204383429, 1901.055483341217]"
F162013,30,49,0.01,"[1.7165060961647214, 19.19234013557434]"
F162013,30,49,0.1,"[13.529534630997858, 188.58282017707825]"
F162013,30,49,0.2,"[0.21993959279748765, 376.51723051071167]"
F162013,30,49,0.3,"[1.2941618482451247, 564.8867180347443]"
F162013,30,49,0.4,"[9.524792094382235, 753.0121562480927]"
F162013,30,49,0.5,"[1.0831057585872372, 941.3340766429901]"
F162013,30,49,0.6,"[0.38790421448626944, 1129.522765159607]"
F162013,30,49,0.7,"[4.37721014587575, 1318.0202734470367]"
F162013,30,49,0.8,"[3.6060856460587445, 1506.4105813503265]"
F162013,30,49,0.9,"[16.481366831704747, 1695.074739933014]"
F162013,30,49,1.0,"[1.1266163262376665, 1883.689126253128]"
F162013,30,50,0.01,"[12.435611108268034, 19.478737115859985]"
F162013,30,50,0.1,"[4.658907156907105, 199.50022721290588]"
F162013,30,50,0.2,"[2.9374752473066224, 416.51246094703674]"
F162013,30,50,0.3,"[6.150306873032946, 634.097400188446]"
F162013,30,50,0.4,"[8.384853358820436, 851.5875022411346]"
F162013,30,50,0.5,"[8.214481415009885, 1069.1192374229431]"
F162013,30,50,0.6,"[1.3137681806427963, 1286.2017269134521]"
F162013,30,50,0.7,"[1.7661443131417514, 1503.3085525035858]"
F162013,30,50,0.8,"[1.4916156827096927, 1720.1782829761505]"
F162013,30,50,0.9,"[2.921840064811505, 1937.3511254787445]"
F162013,30,50,1.0,"[14.144471764673824, 2154.7030885219574]"
F162013,50,0,0.01,"[8.927329672970586, 56.43283557891846]"
F162013,50,0,0.1,"[15.061507281815892, 560.6445968151093]"
F162013,50,0,0.2,"[17.743762021204105, 1122.7742586135864]"
F162013,50,0,0.3,"[9.027593230818297, 1683.9763586521149]"
F162013,50,0,0.4,"[7.5242153951597, 2245.0506994724274]"
F162013,50,0,0.5,"[0.8514797949982835, 2806.3371567726135]"
F162013,50,0,0.6,"[15.955079033252957, 3368.519968509674]"
F162013,50,0,0.7,"[9.871076379726503, 3929.478674888611]"
F162013,50,0,0.8,"[0.8303704146844666, 4489.846283912659]"
F162013,50,0,0.9,"[12.0986862114938, 5057.497900724411]"
F162013,50,0,1.0,"[8.066527384927497, 5614.695077180862]"
F162013,50,1,0.01,"[10.21315698786654, 56.34329390525818]"
F162013,50,1,0.1,"[5.522929383647067, 560.856392621994]"
F162013,50,1,0.2,"[5.7960535940337365, 1122.4506912231445]"
F162013,50,1,0.3,"[3.373380543466226, 1683.9761443138123]"
F162013,50,1,0.4,"[10.28001722263022, 2245.029520750046]"
F162013,50,1,0.5,"[9.632208795156515, 2805.5783076286316]"
F162013,50,1,0.6,"[5.900828567014855, 3367.164880514145]"
F162013,50,1,0.7,"[2.745774618757423, 3929.1314640045166]"
F162013,50,1,0.8,"[8.613117742815774, 4488.612146615982]"
F162013,50,1,0.9,"[4.219358015181882, 5048.625593423843]"
F162013,50,1,1.0,"[17.046402151703546, 5607.345685958862]"
F162013,50,2,0.01,"[12.103123530952587, 56.20267176628113]"
F162013,50,2,0.1,"[4.206392767799258, 554.5684230327606]"
F162013,50,2,0.2,"[9.318824849063759, 1108.9569733142853]"
F162013,50,2,0.3,"[5.551505041162187, 1663.7905447483063]"
F162013,50,2,0.4,"[8.518165949167326, 2218.5570590496063]"
F162013,50,2,0.5,"[5.460507333577851, 2772.632090806961]"
F162013,50,2,0.6,"[13.21246504597724, 3328.1506807804108]"
F162013,50,2,0.7,"[9.188031407526466, 3882.5960025787354]"
F162013,50,2,0.8,"[0.6379950964178818, 4436.512998580933]"
F162013,50,2,0.9,"[13.65325981773725, 4989.189965009689]"
F162013,50,2,1.0,"[21.893535951510614, 5542.6289319992065]"
F162013,50,3,0.01,"[8.434378725933385, 67.2484405040741]"
F162013,50,3,0.1,"[4.698825395754227, 585.9517254829407]"
F162013,50,3,0.2,"[9.116000728797928, 1150.1447775363922]"
F162013,50,3,0.3,"[13.608764151523474, 1713.9825971126556]"
F162013,50,3,0.4,"[22.18924631005484, 2278.837118625641]"
F162013,50,3,0.5,"[14.558542316508209, 2844.238484144211]"
F162013,50,3,0.6,"[15.235582992292677, 3410.1618373394012]"
F162013,50,3,0.7,"[5.799849412144454, 3974.132959842682]"
F162013,50,3,0.8,"[5.1436927246331265, 4537.576716423035]"
F162013,50,3,0.9,"[12.695975668698281, 5100.47833609581]"
F162013,50,3,1.0,"[11.096049034010207, 5702.485887527466]"
F162013,50,4,0.01,"[6.379727789681141, 56.139427185058594]"
F162013,50,4,0.1,"[7.8373247125759065, 558.2872498035431]"
F162013,50,4,0.2,"[5.804904520387566, 1114.8860507011414]"
F162013,50,4,0.3,"[7.142537592858844, 1670.6943140029907]"
F162013,50,4,0.4,"[18.126553679845927, 2235.568161725998]"
F162013,50,4,0.5,"[11.722590230423691, 2792.0869858264923]"
F162013,50,4,0.6,"[6.390885761384169, 3349.601850271225]"
F162013,50,4,0.7,"[10.463094331826994, 3905.334218978882]"
F162013,50,4,0.8,"[5.876581835855745, 4498.476700782776]"
F162013,50,4,0.9,"[6.430886291962281, 5053.402414798737]"
F162013,50,4,1.0,"[9.219111762323791, 5608.341020107269]"
F162013,50,5,0.01,"[12.73636101435892, 56.57807421684265]"
F162013,50,5,0.1,"[3.308570878530219, 564.750985622406]"
F162013,50,5,0.2,"[5.629078408018245, 1124.9862685203552]"
F162013,50,5,0.3,"[4.463360058493009, 1685.145864725113]"
F162013,50,5,0.4,"[8.655049619583593, 2245.810618877411]"
F162013,50,5,0.5,"[4.894214212744771, 2806.2850756645203]"
F162013,50,5,0.6,"[10.21684661324386, 3400.9886136054993]"
F162013,50,5,0.7,"[9.210292361396938, 4037.0001945495605]"
F162013,50,5,0.8,"[3.2198843812198277, 4635.582230567932]"
F162013,50,5,0.9,"[15.719355012790828, 5269.484050273895]"
F162013,50,5,1.0,"[5.467468648213554, 5817.3639488220215]"
F162013,50,6,0.01,"[5.647063915205962, 56.789817094802856]"
F162013,50,6,0.1,"[9.098447459252156, 571.0948076248169]"
F162013,50,6,0.2,"[4.666644255281881, 1137.5359716415405]"
F162013,50,6,0.3,"[8.592714474784373, 1702.1658267974854]"
F162013,50,6,0.4,"[6.468960170846714, 2267.6210181713104]"
F162013,50,6,0.5,"[8.933145277246382, 2831.2143924236298]"
F162013,50,6,0.6,"[12.643886960310283, 3395.584105014801]"
F162013,50,6,0.7,"[3.786874388976031, 3959.641166448593]"
F162013,50,6,0.8,"[4.134000037421998, 4522.499387264252]"
F162013,50,6,0.9,"[6.847791477055949, 5084.155570983887]"
F162013,50,6,1.0,"[8.528717188779012, 5643.765780687332]"
F162013,50,7,0.01,"[11.428080551904884, 56.97594714164734]"
F162013,50,7,0.1,"[7.4683737950754505, 567.4296033382416]"
F162013,50,7,0.2,"[8.491573500564243, 1134.858047246933]"
F162013,50,7,0.3,"[12.781029187699204, 1710.0237159729004]"
F162013,50,7,0.4,"[6.179855011190256, 2277.0513348579407]"
F162013,50,7,0.5,"[9.481879213354318, 2842.547436237335]"
F162013,50,7,0.6,"[1.454436909927722, 3408.865289926529]"
F162013,50,7,0.7,"[5.770670947467693, 3974.7948722839355]"
F162013,50,7,0.8,"[6.493480950735091, 4539.927771091461]"
F162013,50,7,0.9,"[13.695202919685102, 5103.877915382385]"
F162013,50,7,1.0,"[7.273653229937821, 5662.80139374733]"
F162013,50,8,0.01,"[6.50128603253799, 56.769925594329834]"
F162013,50,8,0.1,"[10.168446640509956, 558.8575904369354]"
F162013,50,8,0.2,"[12.51609600366271, 1117.7752640247345]"
F162013,50,8,0.3,"[10.589061230697041, 1676.2613396644592]"
F162013,50,8,0.4,"[0.5401832632827848, 2235.9575283527374]"
F162013,50,8,0.5,"[5.7297471152572825, 2795.0769426822662]"
F162013,50,8,0.6,"[11.950211161834972, 3354.7555298805237]"
F162013,50,8,0.7,"[13.687723244669797, 3913.4007880687714]"
F162013,50,8,0.8,"[11.747457223680328, 4471.288707971573]"
F162013,50,8,0.9,"[11.944030586786425, 5028.388591766357]"
F162013,50,8,1.0,"[15.231293386815167, 5585.851838588715]"
F162013,50,9,0.01,"[12.591387834389451, 55.71885633468628]"
F162013,50,9,0.1,"[3.064144832775071, 556.0594828128815]"
F162013,50,9,0.2,"[12.69485905820423, 1112.9042961597443]"
F162013,50,9,0.3,"[4.087578058151621, 1668.7026407718658]"
F162013,50,9,0.4,"[5.692276148689103, 2225.7968742847443]"
F162013,50,9,0.5,"[14.752256411875095, 2782.6589472293854]"
F162013,50,9,0.6,"[7.76547436047008, 3339.902931690216]"
F162013,50,9,0.7,"[7.625256371111647, 3895.351063966751]"
F162013,50,9,0.8,"[12.932925648401067, 4450.942340373993]"
F162013,50,9,0.9,"[1.859290693108079, 5006.567006111145]"
F162013,50,9,1.0,"[8.930914522201732, 5562.164501905441]"
F162013,50,10,0.01,"[10.395176039775038, 56.27882623672485]"
F162013,50,10,0.1,"[4.039940488420484, 560.316216468811]"
F162013,50,10,0.2,"[6.317013769835285, 1122.1005957126617]"
F162013,50,10,0.3,"[8.948240668479173, 1680.7636756896973]"
F162013,50,10,0.4,"[9.07026087828038, 2239.629487514496]"
F162013,50,10,0.5,"[10.27748467652458, 2797.0145885944366]"
F162013,50,10,0.6,"[7.603512749495934, 3355.199801683426]"
F162013,50,10,0.7,"[7.859943329873829, 3912.6767654418945]"
F162013,50,10,0.8,"[14.336148889091021, 4469.362754821777]"
F162013,50,10,0.9,"[4.540107304686302, 5025.954520225525]"
F162013,50,10,1.0,"[11.179675401420752, 5584.955788135529]"
F162013,50,11,0.01,"[10.868310647060781, 56.58726978302002]"
F162013,50,11,0.1,"[12.803083770367522, 561.2540972232819]"
F162013,50,11,0.2,"[1.374194359375224, 1123.6084847450256]"
F162013,50,11,0.3,"[9.809097352506427, 1684.605711221695]"
F162013,50,11,0.4,"[6.156941568994824, 2246.134881734848]"
F162013,50,11,0.5,"[4.428898557380791, 2807.7204706668854]"
F162013,50,11,0.6,"[4.4092218145135575, 3369.255576610565]"
F162013,50,11,0.7,"[2.7648163574129114, 3929.650614261627]"
F162013,50,11,0.8,"[3.507162573973517, 4490.11252117157]"
F162013,50,11,0.9,"[9.012184470448545, 5050.25076341629]"
F162013,50,11,1.0,"[3.7325189684984252, 5610.921306848526]"
F162013,50,12,0.01,"[4.599695514680491, 59.97914671897888]"
F162013,50,12,0.1,"[7.604350020415609, 569.1782977581024]"
F162013,50,12,0.2,"[14.907214003085016, 1135.568085193634]"
F162013,50,12,0.3,"[3.572320637974343, 1700.625236749649]"
F162013,50,12,0.4,"[1.3187381115659775, 2265.790824651718]"
F162013,50,12,0.5,"[4.288515715851588, 2830.1317913532257]"
F162013,50,12,0.6,"[8.720450243543297, 3395.387290239334]"
F162013,50,12,0.7,"[8.320808578035354, 3959.377937555313]"
F162013,50,12,0.8,"[8.771010055495537, 4523.330363035202]"
F162013,50,12,0.9,"[5.925689371627556, 5086.771863698959]"
F162013,50,12,1.0,"[8.874257678944872, 5647.718837022781]"
F162013,50,13,0.01,"[8.23535121637309, 55.72010517120361]"
F162013,50,13,0.1,"[12.18715942264754, 554.6049559116364]"
F162013,50,13,0.2,"[7.226298390884409, 1110.3733654022217]"
F162013,50,13,0.3,"[0.3291878613833603, 1665.3087632656097]"
F162013,50,13,0.4,"[9.654716532458224, 2220.0015709400177]"
F162013,50,13,0.5,"[8.612495708927952, 2773.471847295761]"
F162013,50,13,0.6,"[7.371840284222856, 3327.453371524811]"
F162013,50,13,0.7,"[4.2575525020381235, 3879.8947083950043]"
F162013,50,13,0.8,"[11.671997040275812, 4432.076936483383]"
F162013,50,13,0.9,"[6.554896147181921, 4984.67373919487]"
F162013,50,13,1.0,"[10.03579131900716, 5537.284725666046]"
F162013,50,14,0.01,"[12.213203560707171, 56.53606200218201]"
F162013,50,14,0.1,"[2.5266623159967025, 563.0149836540222]"
F162013,50,14,0.2,"[19.317319192761374, 1127.3859324455261]"
F162013,50,14,0.3,"[3.5239388324335437, 1691.1621675491333]"
F162013,50,14,0.4,"[11.876041579105475, 2260.6343500614166]"
F162013,50,14,0.5,"[2.3293423405764884, 2822.747576713562]"
F162013,50,14,0.6,"[4.237645979781689, 3385.0077221393585]"
F162013,50,14,0.7,"[6.312821607120981, 3945.8318960666656]"
F162013,50,14,0.8,"[5.4263394007843715, 4506.427920818329]"
F162013,50,14,0.9,"[4.958848149680762, 5067.158947229385]"
F162013,50,14,1.0,"[2.8363361500232713, 5626.726266145706]"
F162013,50,15,0.01,"[10.182778020667882, 57.01783871650696]"
F162013,50,15,0.1,"[4.9176738778137405, 603.8632643222809]"
F162013,50,15,0.2,"[11.893410405461907, 1232.6613664627075]"
F162013,50,15,0.3,"[8.326093859792252, 1800.899406194687]"
F162013,50,15,0.4,"[7.656724248003201, 2366.6209688186646]"
F162013,50,15,0.5,"[5.761189891673098, 2931.6309547424316]"
F162013,50,15,0.6,"[4.143213387665639, 3496.448553085327]"
F162013,50,15,0.7,"[18.62883631643166, 4061.5733251571655]"
F162013,50,15,0.8,"[1.6030743492468105, 4625.6096522808075]"
F162013,50,15,0.9,"[8.62361611806989, 5189.088851213455]"
F162013,50,15,1.0,"[0.654890638777033, 5743.807136058807]"
F162013,50,16,0.01,"[7.451529758538072, 56.72977900505066]"
F162013,50,16,0.1,"[11.762526244565152, 564.0280356407166]"
F162013,50,16,0.2,"[12.179701159394881, 1130.2677116394043]"
F162013,50,16,0.3,"[4.726559856156257, 1695.6448321342468]"
F162013,50,16,0.4,"[7.906149935188125, 2258.9881076812744]"
F162013,50,16,0.5,"[15.267764557649826, 2821.3956685066223]"
F162013,50,16,0.6,"[17.8231310468434, 3384.8584764003754]"
F162013,50,16,0.7,"[7.9963160569107, 3948.2597918510437]"
F162013,50,16,0.8,"[11.06667886810908, 4510.850549936295]"
F162013,50,16,0.9,"[8.632266725453292, 5071.674900531769]"
F162013,50,16,1.0,"[4.830438262742263, 5632.509047269821]"
F162013,50,17,0.01,"[4.345261147493318, 57.36878252029419]"
F162013,50,17,0.1,"[4.00389308082984, 573.1193525791168]"
F162013,50,17,0.2,"[11.252141695025841, 1145.2721457481384]"
F162013,50,17,0.3,"[6.143842977141446, 1716.697374343872]"
F162013,50,17,0.4,"[4.892597001623415, 2285.5745856761932]"
F162013,50,17,0.5,"[4.176946810037833, 2853.550601243973]"
F162013,50,17,0.6,"[10.914118913459134, 3422.1513669490814]"
F162013,50,17,0.7,"[13.24327165945573, 3990.3495128154755]"
F162013,50,17,0.8,"[10.946701742461215, 4557.81908082962]"
F162013,50,17,0.9,"[17.1043232257681, 5128.110112428665]"
F162013,50,17,1.0,"[4.512736466438014, 5689.578998088837]"
F162013,50,18,0.01,"[9.205872479416001, 60.58558773994446]"
F162013,50,18,0.1,"[3.2801690146401086, 573.9061007499695]"
F162013,50,18,0.2,"[8.949319694082817, 1148.527435541153]"
F162013,50,18,0.3,"[11.076272874739601, 1719.574737071991]"
F162013,50,18,0.4,"[6.982061657053123, 2288.1409335136414]"
F162013,50,18,0.5,"[13.84231429829768, 2856.13378238678]"
F162013,50,18,0.6,"[5.726947026346011, 3424.4404335021973]"
F162013,50,18,0.7,"[10.18406793445817, 3991.7636988162994]"
F162013,50,18,0.8,"[2.2957383682285126, 4558.476214885712]"
F162013,50,18,0.9,"[4.1976419300294765, 5124.186397075653]"
F162013,50,18,1.0,"[6.056193759752347, 5686.781444787979]"
F162013,50,19,0.01,"[11.772885896376238, 56.922308921813965]"
F162013,50,19,0.1,"[9.58937097321683, 563.9912965297699]"
F162013,50,19,0.2,"[11.806202876758988, 1127.617862701416]"
F162013,50,19,0.3,"[5.238591305709264, 1690.7986652851105]"
F162013,50,19,0.4,"[6.8948437683248756, 2253.9994835853577]"
F162013,50,19,0.5,"[6.33164982289685, 2814.387391090393]"
F162013,50,19,0.6,"[8.101038580077812, 3376.3347551822662]"
F162013,50,19,0.7,"[7.842844539605551, 3936.6487538814545]"
F162013,50,19,0.8,"[6.36684712866537, 4497.281788825989]"
F162013,50,19,0.9,"[13.350841638550122, 5056.423833608627]"
F162013,50,19,1.0,"[3.970812710116917, 5616.068187952042]"
F162013,50,20,0.01,"[4.5388655216411, 57.3159396648407]"
F162013,50,20,0.1,"[7.779505921809829, 564.8384141921997]"
F162013,50,20,0.2,"[11.736098387507155, 1130.355456829071]"
F162013,50,20,0.3,"[5.209610291793382, 1695.3302776813507]"
F162013,50,20,0.4,"[11.182960001882094, 2259.5389165878296]"
F162013,50,20,0.5,"[5.514905914135454, 2820.1733853816986]"
F162013,50,20,0.6,"[9.813213727364655, 3382.3977448940277]"
F162013,50,20,0.7,"[7.996552375178879, 3943.3609828948975]"
F162013,50,20,0.8,"[7.4272429243515035, 4503.651798009872]"
F162013,50,20,0.9,"[6.903338175416621, 5062.090260028839]"
F162013,50,20,1.0,"[8.884986419087483, 5621.427212715149]"
F162013,50,21,0.01,"[10.30079605010863, 65.33909749984741]"
F162013,50,21,0.1,"[13.297832678308282, 571.8246159553528]"
F162013,50,21,0.2,"[6.024322054241139, 1136.5694580078125]"
F162013,50,21,0.3,"[7.2489835082120635, 1701.126049041748]"
F162013,50,21,0.4,"[8.042562249617873, 2265.7125918865204]"
F162013,50,21,0.5,"[7.534354209004533, 2827.2317247390747]"
F162013,50,21,0.6,"[4.265619934208985, 3390.2721469402313]"
F162013,50,21,0.7,"[12.636730004981075, 3952.586852312088]"
F162013,50,21,0.8,"[9.967472903107193, 4514.190541267395]"
F162013,50,21,0.9,"[13.108213372767494, 5076.338012456894]"
F162013,50,21,1.0,"[10.3250174080558, 5635.9682784080505]"
F162013,50,22,0.01,"[5.847184500954626, 56.99023151397705]"
F162013,50,22,0.1,"[13.597432762617416, 566.7665326595306]"
F162013,50,22,0.2,"[9.874583497247897, 1135.3455655574799]"
F162013,50,22,0.3,"[6.484518667958156, 1703.860872745514]"
F162013,50,22,0.4,"[14.38300422545879, 2273.403003692627]"
F162013,50,22,0.5,"[3.967460373085032, 2840.266212463379]"
F162013,50,22,0.6,"[7.112054912102764, 3407.6538076400757]"
F162013,50,22,0.7,"[10.382564892309944, 3974.663183450699]"
F162013,50,22,0.8,"[1.3541863181548592, 4540.635851860046]"
F162013,50,22,0.9,"[3.023038800733815, 5106.076292276382]"
F162013,50,22,1.0,"[5.724030751659797, 5669.098895072937]"
F162013,50,23,0.01,"[13.044011266460643, 60.4020471572876]"
F162013,50,23,0.1,"[6.764597985263549, 573.080584526062]"
F162013,50,23,0.2,"[10.389569346744878, 1141.4441556930542]"
F162013,50,23,0.3,"[10.42609775265214, 1705.4244384765625]"
F162013,50,23,0.4,"[8.111259775042583, 2269.0508596897125]"
F162013,50,23,0.5,"[1.9086632538179629, 2830.632838010788]"
F162013,50,23,0.6,"[8.605837572656924, 3392.4007387161255]"
F162013,50,23,0.7,"[3.5833959279185024, 3954.8086717128754]"
F162013,50,23,0.8,"[2.013135839661601, 4516.308158636093]"
F162013,50,23,0.9,"[6.391754581758875, 5076.003441095352]"
F162013,50,23,1.0,"[3.3259559637333496, 5634.269157648087]"
F162013,50,24,0.01,"[7.561372391292963, 56.588160276412964]"
F162013,50,24,0.1,"[8.120965614729045, 568.9279677867889]"
F162013,50,24,0.2,"[7.1955792248383545, 1138.7369327545166]"
F162013,50,24,0.3,"[6.974895750252983, 1710.4077622890472]"
F162013,50,24,0.4,"[5.848677942226345, 2274.7470619678497]"
F162013,50,24,0.5,"[9.83827259122117, 2837.221165418625]"
F162013,50,24,0.6,"[12.01815387073384, 3399.2076828479767]"
F162013,50,24,0.7,"[8.890511102400609, 3960.794108390808]"
F162013,50,24,0.8,"[2.202198090383405, 4522.848898887634]"
F162013,50,24,0.9,"[6.450956301748164, 5083.178821802139]"
F162013,50,24,1.0,"[4.035768963678493, 5641.005633831024]"
F162013,50,25,0.01,"[10.795046074916854, 57.08713173866272]"
F162013,50,25,0.1,"[2.607563302947341, 568.2967844009399]"
F162013,50,25,0.2,"[9.050219459711144, 1137.8347051143646]"
F162013,50,25,0.3,"[6.463240367359333, 1706.337421655655]"
F162013,50,25,0.4,"[11.396886435798194, 2274.701417684555]"
F162013,50,25,0.5,"[10.89813943365968, 2842.0046491622925]"
F162013,50,25,0.6,"[8.031653019333334, 3409.589227437973]"
F162013,50,25,0.7,"[1.0442858734317326, 3976.911968231201]"
F162013,50,25,0.8,"[9.441550256906652, 4543.682093381882]"
F162013,50,25,0.9,"[7.2678077112760775, 5109.4491646289825]"
F162013,50,25,1.0,"[8.451907730141357, 5669.907915353775]"
F162013,50,26,0.01,"[8.977719043595556, 56.29434609413147]"
F162013,50,26,0.1,"[5.008288923980757, 560.2710998058319]"
F162013,50,26,0.2,"[8.62046471749943, 1122.297240972519]"
F162013,50,26,0.3,"[8.056159046002847, 1683.5768909454346]"
F162013,50,26,0.4,"[8.831127432354435, 2245.1446318626404]"
F162013,50,26,0.5,"[7.468202477818352, 2805.3987567424774]"
F162013,50,26,0.6,"[10.713818625126379, 3365.083193540573]"
F162013,50,26,0.7,"[8.189928388460089, 3924.7269310951233]"
F162013,50,26,0.8,"[7.801378414155664, 4484.599601268768]"
F162013,50,26,0.9,"[2.4410659719000023, 5042.91709280014]"
F162013,50,26,1.0,"[9.888148336835059, 5601.096306324005]"
F162013,50,27,0.01,"[12.38220032633248, 57.6482138633728]"
F162013,50,27,0.1,"[4.581920825096887, 566.4470632076263]"
F162013,50,27,0.2,"[6.0427003774987895, 1134.0776090621948]"
F162013,50,27,0.3,"[12.674033422397542, 1701.9008870124817]"
F162013,50,27,0.4,"[5.989778892141942, 2269.363564014435]"
F162013,50,27,0.5,"[11.620483515455618, 2835.8982439041138]"
F162013,50,27,0.6,"[16.616098301983584, 3400.531349658966]"
F162013,50,27,0.7,"[10.082642008809245, 3966.18243265152]"
F162013,50,27,0.8,"[4.499803299791097, 4529.684084892273]"
F162013,50,27,0.9,"[3.876403725801623, 5092.318573713303]"
F162013,50,27,1.0,"[6.349009195314409, 5653.52098274231]"
F162013,50,28,0.01,"[10.082898660808183, 57.273517370224]"
F162013,50,28,0.1,"[9.600534553173446, 587.153190612793]"
F162013,50,28,0.2,"[14.52437100388272, 1151.7409591674805]"
F162013,50,28,0.3,"[4.635931323188828, 1716.5586137771606]"
F162013,50,28,0.4,"[9.151270945217135, 2280.1033668518066]"
F162013,50,28,0.5,"[5.973439400769024, 2842.458318710327]"
F162013,50,28,0.6,"[8.324770735365433, 3405.400362968445]"
F162013,50,28,0.7,"[12.837940991386034, 3966.7768216133118]"
F162013,50,28,0.8,"[10.361406905490327, 4527.920561790466]"
F162013,50,28,0.9,"[8.654985403027098, 5088.282088518143]"
F162013,50,28,1.0,"[8.836575137050005, 5646.798510789871]"
F162013,50,29,0.01,"[8.810479960583905, 57.09223747253418]"
F162013,50,29,0.1,"[13.25023709298543, 566.3454232215881]"
F162013,50,29,0.2,"[6.591407746091278, 1133.1096456050873]"
F162013,50,29,0.3,"[12.560283893012212, 1703.6094720363617]"
F162013,50,29,0.4,"[15.735351620519566, 2270.048065185547]"
F162013,50,29,0.5,"[7.983408640078608, 2835.333649635315]"
F162013,50,29,0.6,"[10.031548317446436, 3400.3074159622192]"
F162013,50,29,0.7,"[10.556100667043324, 3963.4699993133545]"
F162013,50,29,0.8,"[3.474942028242424, 4526.50484919548]"
F162013,50,29,0.9,"[2.5665956564472765, 5089.55202126503]"
F162013,50,29,1.0,"[2.842776748931499, 5648.649587869644]"
F162013,50,30,0.01,"[4.343753863017241, 56.24208164215088]"
F162013,50,30,0.1,"[7.940958133970923, 559.1741163730621]"
F162013,50,30,0.2,"[5.474241363732062, 1120.1373763084412]"
F162013,50,30,0.3,"[13.516583684718938, 1680.832598209381]"
F162013,50,30,0.4,"[12.102516789948226, 2241.3491382598877]"
F162013,50,30,0.5,"[8.444874782527677, 2800.3729333877563]"
F162013,50,30,0.6,"[6.545414342364154, 3362.2017641067505]"
F162013,50,30,0.7,"[5.228129298807886, 3924.496158838272]"
F162013,50,30,0.8,"[3.5281402244759192, 4487.224777936935]"
F162013,50,30,0.9,"[10.412069318122604, 5047.793409347534]"
F162013,50,30,1.0,"[12.036187085267528, 5607.2913155555725]"
F162013,50,31,0.01,"[6.129722771394313, 61.272743225097656]"
F162013,50,31,0.1,"[8.304807842131993, 573.2358725070953]"
F162013,50,31,0.2,"[9.481758468839786, 1141.9643065929413]"
F162013,50,31,0.3,"[6.620918698338301, 1710.0932869911194]"
F162013,50,31,0.4,"[2.647177331949962, 2277.5825052261353]"
F162013,50,31,0.5,"[1.7032435872192764, 2844.3803527355194]"
F162013,50,31,0.6,"[6.89579571635835, 3410.4637327194214]"
F162013,50,31,0.7,"[6.6727221765925435, 3975.229649543762]"
F162013,50,31,0.8,"[18.250114679804852, 4539.198001623154]"
F162013,50,31,0.9,"[14.602968837700189, 5102.748850345612]"
F162013,50,31,1.0,"[7.11198821060097, 5662.279203653336]"
F162013,50,32,0.01,"[3.3719457938956054, 56.343854665756226]"
F162013,50,32,0.1,"[11.505055182253528, 560.0229432582855]"
F162013,50,32,0.2,"[3.4242329757032905, 1121.905219078064]"
F162013,50,32,0.3,"[9.818269938892342, 1682.7279539108276]"
F162013,50,32,0.4,"[3.948120459787674, 2243.902750968933]"
F162013,50,32,0.5,"[12.206248496243745, 2803.638474225998]"
F162013,50,32,0.6,"[5.728806325899313, 3364.8216593265533]"
F162013,50,32,0.7,"[6.356419979025219, 3923.150632381439]"
F162013,50,32,0.8,"[7.311794777199026, 4481.619908332825]"
F162013,50,32,0.9,"[12.347089907780202, 5040.867736816406]"
F162013,50,32,1.0,"[6.883916794064902, 5598.181437969208]"
F162013,50,33,0.01,"[10.661497220655292, 60.05100655555725]"
F162013,50,33,0.1,"[11.653970640432675, 581.5663642883301]"
F162013,50,33,0.2,"[11.521432990516473, 1154.2632038593292]"
F162013,50,33,0.3,"[7.0162490571527485, 1768.4333271980286]"
F162013,50,33,0.4,"[5.566652812545783, 2331.9116444587708]"
F162013,50,33,0.5,"[11.3074748347386, 2894.2803671360016]"
F162013,50,33,0.6,"[9.079772731373737, 3458.9684908390045]"
F162013,50,33,0.7,"[9.598640717751096, 4020.6889567375183]"
F162013,50,33,0.8,"[13.833484445181057, 4581.443429946899]"
F162013,50,33,0.9,"[9.803786217138594, 5141.518537521362]"
F162013,50,33,1.0,"[3.9358382899787614, 5695.800855398178]"
F162013,50,34,0.01,"[4.595303290566051, 56.22155499458313]"
F162013,50,34,0.1,"[11.02311128192062, 559.6416039466858]"
F162013,50,34,0.2,"[14.334229689256034, 1121.5023109912872]"
F162013,50,34,0.3,"[5.167463557831752, 1685.8050303459167]"
F162013,50,34,0.4,"[1.7661146422764489, 2250.8698813915253]"
F162013,50,34,0.5,"[13.164450536675389, 2815.530818939209]"
F162013,50,34,0.6,"[20.28101505468993, 3377.6031444072723]"
F162013,50,34,0.7,"[13.169838954344698, 3936.0454766750336]"
F162013,50,34,0.8,"[4.733895214477172, 4492.429829835892]"
F162013,50,34,0.9,"[2.1473849688768496, 5050.2000505924225]"
F162013,50,34,1.0,"[9.962836410252976, 5605.034712076187]"
F162013,50,35,0.01,"[5.896369122329105, 56.44103217124939]"
F162013,50,35,0.1,"[14.503503723514399, 563.8123044967651]"
F162013,50,35,0.2,"[8.868464674024551, 1125.974146604538]"
F162013,50,35,0.3,"[2.5244798356405624, 1687.5958104133606]"
F162013,50,35,0.4,"[9.036261191988558, 2249.8857457637787]"
F162013,50,35,0.5,"[1.6438439183230003, 2810.902099132538]"
F162013,50,35,0.6,"[9.73838515226052, 3372.530334711075]"
F162013,50,35,0.7,"[11.34587766313615, 3933.0066151618958]"
F162013,50,35,0.8,"[17.52294540348356, 4492.545226573944]"
F162013,50,35,0.9,"[7.849464353003839, 5050.685168504715]"
F162013,50,35,1.0,"[5.58777886831524, 5608.70022892952]"
F162013,50,36,0.01,"[9.01948994520913, 57.29156017303467]"
F162013,50,36,0.1,"[6.3043434847870685, 564.9646990299225]"
F162013,50,36,0.2,"[4.694141846736244, 1126.3070740699768]"
F162013,50,36,0.3,"[9.57713767767234, 1686.713172197342]"
F162013,50,36,0.4,"[14.506959393537159, 2247.340190887451]"
F162013,50,36,0.5,"[12.602373273267148, 2806.50368642807]"
F162013,50,36,0.6,"[9.428764244804569, 3367.440570116043]"
F162013,50,36,0.7,"[10.31971320231196, 3926.869460582733]"
F162013,50,36,0.8,"[8.20298899696644, 4483.7996389865875]"
F162013,50,36,0.9,"[3.449871261186246, 5040.343758106232]"
F162013,50,36,1.0,"[14.960644294469006, 5595.52912902832]"
F162013,50,37,0.01,"[10.777691840268375, 66.39301896095276]"
F162013,50,37,0.1,"[9.32885607527328, 580.715053319931]"
F162013,50,37,0.2,"[3.711025527772563, 1150.0626180171967]"
F162013,50,37,0.3,"[19.90597058622842, 1721.346263408661]"
F162013,50,37,0.4,"[9.836913188512568, 2290.345271587372]"
F162013,50,37,0.5,"[6.942306500474473, 2858.7056164741516]"
F162013,50,37,0.6,"[5.483122409595779, 3423.9151723384857]"
F162013,50,37,0.7,"[6.968906725552841, 3988.1256239414215]"
F162013,50,37,0.8,"[8.71182085111684, 4548.41859459877]"
F162013,50,37,0.9,"[9.946978454670926, 5108.604117631912]"
F162013,50,37,1.0,"[8.895283443351104, 5665.153005838394]"
F162013,50,38,0.01,"[6.755339880034143, 56.16262888908386]"
F162013,50,38,0.1,"[9.998536272659493, 558.4351344108582]"
F162013,50,38,0.2,"[4.910786867736732, 1117.7723667621613]"
F162013,50,38,0.3,"[9.662734305245664, 1676.5462386608124]"
F162013,50,38,0.4,"[9.31361334699713, 2235.209604024887]"
F162013,50,38,0.5,"[12.30104447339491, 2792.6526811122894]"
F162013,50,38,0.6,"[6.795153750907787, 3350.866248846054]"
F162013,50,38,0.7,"[4.021920470474299, 3909.2221114635468]"
F162013,50,38,0.8,"[9.58672301895973, 4464.843991756439]"
F162013,50,38,0.9,"[5.857304801866206, 5019.01500082016]"
F162013,50,38,1.0,"[7.874189371020037, 5573.1829471588135]"
F162013,50,39,0.01,"[9.855663898008345, 56.41700839996338]"
F162013,50,39,0.1,"[5.562104938130091, 561.7383940219879]"
F162013,50,39,0.2,"[9.76274873287943, 1123.9863193035126]"
F162013,50,39,0.3,"[0.2318446610166518, 1686.3613772392273]"
F162013,50,39,0.4,"[13.465571975511153, 2248.5544097423553]"
F162013,50,39,0.5,"[4.363290184306976, 2809.5653159618378]"
F162013,50,39,0.6,"[8.202880479175576, 3371.715195417404]"
F162013,50,39,0.7,"[8.556957291997008, 3932.626094341278]"
F162013,50,39,0.8,"[9.164211059764, 4491.611353158951]"
F162013,50,39,0.9,"[3.3591474482804244, 5049.745141029358]"
F162013,50,39,1.0,"[7.102222352478094, 5606.652453660965]"
F162013,50,40,0.01,"[5.50799375834481, 56.29167938232422]"
F162013,50,40,0.1,"[6.174700092235213, 558.6583743095398]"
F162013,50,40,0.2,"[5.916673890676634, 1119.0478873252869]"
F162013,50,40,0.3,"[13.009208098538494, 1678.2990019321442]"
F162013,50,40,0.4,"[8.814632354528214, 2237.2549664974213]"
F162013,50,40,0.5,"[6.2245955196044065, 2795.493190765381]"
F162013,50,40,0.6,"[10.300664152815528, 3357.8722908496857]"
F162013,50,40,0.7,"[8.59909499292803, 3921.6976475715637]"
F162013,50,40,0.8,"[6.524434434284217, 4484.730825424194]"
F162013,50,40,0.9,"[9.79971437953509, 5046.27147269249]"
F162013,50,40,1.0,"[10.10443202781795, 5606.162758588791]"
F162013,50,41,0.01,"[11.773327309645339, 57.145763635635376]"
F162013,50,41,0.1,"[13.449864611020217, 559.5538156032562]"
F162013,50,41,0.2,"[4.495511938096428, 1119.9560158252716]"
F162013,50,41,0.3,"[9.105690211713267, 1679.2005293369293]"
F162013,50,41,0.4,"[6.3180136340282615, 2238.0860452651978]"
F162013,50,41,0.5,"[5.733337374040474, 2796.672472715378]"
F162013,50,41,0.6,"[7.144699212352293, 3355.7565977573395]"
F162013,50,41,0.7,"[7.914487622358763, 3915.730627298355]"
F162013,50,41,0.8,"[3.8954026532305193, 4474.078674316406]"
F162013,50,41,0.9,"[3.4838553598754913, 5030.206322193146]"
F162013,50,41,1.0,"[10.382110050940554, 5585.363360881805]"
F162013,50,42,0.01,"[3.7172830880587355, 56.47016644477844]"
F162013,50,42,0.1,"[13.617771893488396, 560.7269322872162]"
F162013,50,42,0.2,"[1.074177743858172, 1122.7541813850403]"
F162013,50,42,0.3,"[13.309850661660903, 1685.249908208847]"
F162013,50,42,0.4,"[5.246839301999216, 2251.0250573158264]"
F162013,50,42,0.5,"[12.540269774926259, 2816.388819217682]"
F162013,50,42,0.6,"[4.703986179231492, 3383.4724810123444]"
F162013,50,42,0.7,"[13.265200006115492, 3949.528499364853]"
F162013,50,42,0.8,"[10.240659999622153, 4514.340939998627]"
F162013,50,42,0.9,"[10.672819520027787, 5076.546515226364]"
F162013,50,42,1.0,"[11.345370384457027, 5635.419743061066]"
F162013,50,43,0.01,"[10.729985502252475, 57.67804932594299]"
F162013,50,43,0.1,"[8.537027942839558, 568.7923896312714]"
F162013,50,43,0.2,"[9.465593812077657, 1136.5720720291138]"
F162013,50,43,0.3,"[8.772763583026602, 1703.4267756938934]"
F162013,50,43,0.4,"[6.2845266772379205, 2270.4926047325134]"
F162013,50,43,0.5,"[6.505724181390121, 2837.775135278702]"
F162013,50,43,0.6,"[10.459860569054229, 3406.237669944763]"
F162013,50,43,0.7,"[11.199566361459148, 3973.9503698349]"
F162013,50,43,0.8,"[13.922991147255146, 4540.977631568909]"
F162013,50,43,0.9,"[14.48175839555762, 5104.913455724716]"
F162013,50,43,1.0,"[5.274492041483512, 5664.378014802933]"
F162013,50,44,0.01,"[11.207990672437063, 63.15590262413025]"
F162013,50,44,0.1,"[13.49673696331655, 568.4425745010376]"
F162013,50,44,0.2,"[9.111414538027532, 1131.0908982753754]"
F162013,50,44,0.3,"[9.254318629252168, 1693.1339735984802]"
F162013,50,44,0.4,"[5.420491392289648, 2319.9663994312286]"
F162013,50,44,0.5,"[7.22525754414707, 2959.635232448578]"
F162013,50,44,0.6,"[9.47322673513213, 3524.761421442032]"
F162013,50,44,0.7,"[6.048583714445982, 4086.6091163158417]"
F162013,50,44,0.8,"[16.133164978504283, 4648.283871889114]"
F162013,50,44,0.9,"[6.029646130201371, 5206.762556314468]"
F162013,50,44,1.0,"[18.31933822756585, 5755.961716890335]"
F162013,50,45,0.01,"[11.735588943473942, 56.97035837173462]"
F162013,50,45,0.1,"[3.17826522322801, 580.6244843006134]"
F162013,50,45,0.2,"[7.657160352307358, 1145.6918132305145]"
F162013,50,45,0.3,"[13.09161436185721, 1710.0214681625366]"
F162013,50,45,0.4,"[5.010368377968518, 2274.0619390010834]"
F162013,50,45,0.5,"[12.470453130061742, 2837.1349923610687]"
F162013,50,45,0.6,"[7.0971039008050525, 3417.356858253479]"
F162013,50,45,0.7,"[8.470846447296736, 3981.382323026657]"
F162013,50,45,0.8,"[12.493133202460285, 4545.088269948959]"
F162013,50,45,0.9,"[8.566885620170837, 5106.762855529785]"
F162013,50,45,1.0,"[14.704965228045353, 5663.575610399246]"
F162013,50,46,0.01,"[9.396343594298315, 60.2141969203949]"
F162013,50,46,0.1,"[2.296043170997052, 567.1003928184509]"
F162013,50,46,0.2,"[8.955757002970842, 1133.9623346328735]"
F162013,50,46,0.3,"[5.235196022690616, 1697.452160835266]"
F162013,50,46,0.4,"[13.281625661388262, 2259.7871034145355]"
F162013,50,46,0.5,"[8.512315135979463, 2824.0208292007446]"
F162013,50,46,0.6,"[11.139320668419828, 3388.226254940033]"
F162013,50,46,0.7,"[7.864780639616129, 3951.2013008594513]"
F162013,50,46,0.8,"[7.082057476591956, 4513.248385429382]"
F162013,50,46,0.9,"[1.5422352398930457, 5074.586328029633]"
F162013,50,46,1.0,"[10.167546505557937, 5631.167405605316]"
F162013,50,47,0.01,"[7.2831254257123135, 58.08400630950928]"
F162013,50,47,0.1,"[7.189921554021879, 577.9901125431061]"
F162013,50,47,0.2,"[9.30922011296991, 1143.8045020103455]"
F162013,50,47,0.3,"[9.161188614875073, 1708.6443934440613]"
F162013,50,47,0.4,"[5.5994672256602485, 2273.451772928238]"
F162013,50,47,0.5,"[2.7993105774897913, 2836.9394907951355]"
F162013,50,47,0.6,"[13.398176269909158, 3401.613852262497]"
F162013,50,47,0.7,"[11.98497773631982, 3965.853675365448]"
F162013,50,47,0.8,"[7.083719971673389, 4530.188770294189]"
F162013,50,47,0.9,"[10.541416672478505, 5093.811000585556]"
F162013,50,47,1.0,"[4.572820296771397, 5651.6959936618805]"
F162013,50,48,0.01,"[16.153551569260685, 56.40081477165222]"
F162013,50,48,0.1,"[8.879009917453118, 539.0596179962158]"
F162013,50,48,0.2,"[7.285128550964288, 1074.6731102466583]"
F162013,50,48,0.3,"[11.23349624913891, 1609.9407668113708]"
F162013,50,48,0.4,"[4.555441792495259, 2145.6351668834686]"
F162013,50,48,0.5,"[6.852094851293515, 2680.2445018291473]"
F162013,50,48,0.6,"[7.424159278676086, 3215.558516740799]"
F162013,50,48,0.7,"[4.766757063608964, 3750.05033326149]"
F162013,50,48,0.8,"[7.403071208287969, 4285.4333255290985]"
F162013,50,48,0.9,"[10.643720308113757, 4819.572834730148]"
F162013,50,48,1.0,"[8.6841237951285, 5354.6303815841675]"
F162013,50,49,0.01,"[3.8912436985629313, 56.95577573776245]"
F162013,50,49,0.1,"[12.134754908634392, 539.3425316810608]"
F162013,50,49,0.2,"[14.768068966383595, 1075.5964848995209]"
F162013,50,49,0.3,"[7.889792981286519, 1610.8752596378326]"
F162013,50,49,0.4,"[1.5705922293576577, 2148.887867450714]"
F162013,50,49,0.5,"[9.076165697479695, 2681.0835013389587]"
F162013,50,49,0.6,"[3.3419268645668296, 3213.5874581336975]"
F162013,50,49,0.7,"[2.0002901317661497, 3745.8311648368835]"
F162013,50,49,0.8,"[8.293975642162934, 4279.195811986923]"
F162013,50,49,0.9,"[0.8411272623378636, 4811.760588645935]"
F162013,50,49,1.0,"[11.668610421766516, 5345.598697900772]"
F162013,50,50,0.01,"[11.166612293217838, 55.49931716918945]"
F162013,50,50,0.1,"[18.30981258454966, 569.7444131374359]"
F162013,50,50,0.2,"[9.011965697470828, 1166.0624599456787]"
F162013,50,50,0.3,"[4.084576636605476, 1753.6877238750458]"
F162013,50,50,0.4,"[5.629108378697367, 2288.4945998191833]"
F162013,50,50,0.5,"[3.7083697543163225, 2822.8965055942535]"
F162013,50,50,0.6,"[11.04510505919626, 3357.8465962409973]"
F162013,50,50,0.7,"[4.081087201515061, 3891.846668958664]"
F162013,50,50,0.8,"[7.314694928919039, 4426.665889501572]"
F162013,50,50,0.9,"[5.384755410328637, 4960.6129014492035]"
F162013,50,50,1.0,"[6.823087867144039, 5495.307973861694]"
